-5.763115359468170551e-01 -5.409039647215382329e-01 1.049656159187626336e+00 -5.409039647215381219e-01 3.843631254708017031e-01 9.483470312422892512e-01 -8.577077487116108179e-01 1.334608982007870204e-01
-3.490784525327789156e-01 -7.185913173327241887e-01 6.553782370900612664e-01 -7.185913173327240777e-01 4.916401663390752019e-01 9.148594100153366604e-01 -7.979399508963573862e-01 5.223232246501113840e-01
-4.217274245578123693e-01 -7.464971101095989603e-01 6.190589436214277708e-01 -7.464971101095990713e-01 3.856124777265659831e-01 9.585775525065242109e-01 -5.829439967901813846e-01 5.344166677126738207e-01
-5.546125155537126039e-01 -6.940205624066931867e-01 9.408699774846467356e-01 -6.940205624066934087e-01 3.143470705840201163e-01 1.022806378054238685e+00 -7.006045325149544700e-01 3.652347467591480767e-01
-9.693762467212508893e-01 -6.271007270712455339e-01 6.875815753507187322e-01 -6.271007270712455339e-01 6.952280518869109471e-01 4.652884006805766970e-01 -4.134333805163789011e-01 7.889130534619144264e-01
-9.476115551755848188e-01 -6.896836560157703078e-01 5.953013825859637675e-01 -6.896836560157704188e-01 7.061442101042657571e-01 2.521162784683203539e-01 -3.538340375146447059e-01 1.127251033563220206e+00
-6.086976358842416390e-01 -6.799646584092234880e-01 5.455693284276122990e-01 -6.799646584092235990e-01 8.254952935676744818e-01 3.124795123576300515e-01 -7.623669861110452528e-01 1.047449804460816924e+00
-5.055578542072834969e-01 -6.511842557392123476e-01 4.695120039924327582e-01 -6.511842557392125697e-01 8.009854039587178676e-01 1.090880142005825837e+00 -7.649395537438672399e-01 2.114883694725991636e-01
-7.361431117822744286e-01 -6.271164872553646186e-01 6.067137720103971121e-01 -6.271164872553648406e-01 6.987628168226611702e-01 6.101730566210799012e-01 -5.693334770507839648e-01 6.440599178896495580e-01
-8.754976346601908155e-01 -8.112832900464573838e-01 5.696562873566244356e-01 -8.112832900464573838e-01 5.212077171599946990e-01 7.090056692684331141e-01 -2.153663698564283469e-01 9.135609108244816534e-01
-3.214333826381085002e-01 -7.825154338109654439e-01 6.323668098615778943e-01 -7.825154338109656660e-01 7.089656697473079028e-01 8.716584070151527364e-01 -1.019899096970777297e+00 6.933724606067780405e-01
-3.517625635063579281e-01 -6.933918282337681038e-01 5.858780513425491110e-01 -6.933918282337679928e-01 7.407809682915094118e-01 1.233206865358548621e+00 -9.748964561277007057e-01 1.535767911089876148e-01
-6.071346656056904045e-01 -6.965211349514681682e-01 9.517031392870387574e-01 -6.965211349514683903e-01 2.504880766244962365e-01 1.044807621646935525e+00 -5.950565503058445893e-01 3.482346482560010892e-01
-6.493681047714436883e-01 -6.520437972993614606e-01 5.499768397582394108e-01 -6.520437972993613496e-01 6.788962333221151280e-01 4.026938493712051148e-01 -5.795049683089107395e-01 9.013937452275175843e-01
-6.763338073143470019e-01 -8.663509609498024622e-01 3.618071131989804012e-01 -8.663509609498024622e-01 5.604480344510002210e-01 6.088367187970209482e-01 -2.459213403356336203e-01 1.123865203102583976e+00
-6.560558125409517993e-01 -6.340484139456341595e-01 4.997987525733335601e-01 -6.340484139456340484e-01 8.550775380540752701e-01 7.710175979171026706e-01 -6.988204780864567534e-01 4.970792299741656484e-01
-6.829908357349494530e-01 -6.638665678529088732e-01 5.589845938467414843e-01 -6.638665678529087621e-01 8.325368998657033393e-01 8.790483160572777344e-01 -7.085306579774954816e-01 4.486848196485397899e-01
-7.314337100577960049e-01 -7.592589206711463090e-01 5.564509238070183272e-01 -7.592589206711466421e-01 6.402847723015419046e-01 6.612070518865534874e-01 -4.653019860507643379e-01 8.573107894557395747e-01
-8.487350905582246030e-01 -5.881447652408370308e-01 9.927272611801574165e-01 -5.881447652408371418e-01 3.661420883759159972e-01 6.888333568501302517e-01 -5.101342589978488107e-01 4.874561736315440319e-01
-8.187137943162704490e-01 -6.672924762932624931e-01 3.823416468474261642e-01 -6.672924762932624931e-01 9.238606516006810931e-01 1.952546028759493957e-01 -4.874885041318369194e-01 1.139330349710575785e+00
-8.045044218169175032e-01 -7.664561459464677151e-01 2.265069984504703982e-01 -7.664561459464678261e-01 7.189971686532344863e-01 4.301569885691546857e-01 -1.409997452867875201e-01 1.102755303323780911e+00
-8.178917182010608800e-01 -6.555258481206064358e-01 4.192494250337064354e-01 -6.555258481206064358e-01 6.519596939640536215e-01 4.013582495173255715e-01 -2.533174007966992880e-01 9.096934467238873001e-01
-3.776774299040518423e-01 -6.236299707846244544e-01 7.814971749072598950e-01 -6.236299707846244544e-01 4.928431914246787504e-01 1.078223384391046702e+00 -8.966629364278870806e-01 1.690365571782023180e-01
-7.511571122336635487e-02 -7.049142532559495855e-01 8.073435661589842827e-01 -7.049142532559496965e-01 2.150403061130028715e-01 1.143329074822764468e+00 -9.472681610486207715e-01 2.664994316891344805e-01
-1.213692442927765347e+00 -5.242665330209380636e-01 9.828065942312488312e-01 -5.242665330209380636e-01 6.230299830400159999e-01 3.454268756887495795e-01 -3.921441343434997062e-01 7.031061903531264923e-01
-5.024096932385612169e-01 -6.725876176308240861e-01 9.067457171679943473e-01 -6.725876176308244192e-01 2.340310568034635330e-01 1.027188643943224289e+00 -6.383670807328968300e-01 3.179865913184241610e-01
-7.727954947988945333e-01 -6.330095989254390654e-01 1.027038686605034945e+00 -6.330095989254391764e-01 4.162051010419283159e-01 7.050896280484876266e-01 -6.704482928480685056e-01 5.609295698023907262e-01
-6.421032324502258248e-01 -6.986830806772298397e-01 9.200966347704995218e-01 -6.986830806772297286e-01 2.095738024521888454e-01 8.445799652011782843e-01 -4.875672047724627367e-01 5.527861961532811730e-01
-8.873134604413007720e-01 -5.436377775626494158e-01 9.462677410337854145e-01 -5.436377775626498599e-01 6.515472332266142308e-01 6.583566678119801008e-01 -7.105015138190988733e-01 4.289188873133191193e-01
-1.647823192873886788e-01 -6.870688593064873118e-01 6.533621167410632591e-01 -6.870688593064875338e-01 4.777086674800175570e-01 1.048013099249652358e+00 -9.662884649336922482e-01 3.261246193633225987e-01
-9.123415135964748623e-01 -6.551877283708787969e-01 7.561287531722835631e-01 -6.551877283708789079e-01 6.266817406888022246e-01 4.579322895647319758e-01 -4.704689802646105923e-01 8.524431671770257291e-01
-6.080263302883422982e-01 -7.328079102914847320e-01 4.752625884532438172e-01 -7.328079102914848431e-01 6.529745054669234827e-01 7.478571462596008690e-01 -5.202107636318250572e-01 7.177586743233689281e-01
-7.047409395898063256e-01 -7.145118270160567553e-01 4.474363884293756088e-01 -7.145118270160568663e-01 9.805165253987782048e-01 3.663068379988022594e-01 -7.232119742383474881e-01 1.062716816033311140e+00
-5.827630105780080561e-01 -5.756937683267585593e-01 4.047591300218917887e-01 -5.756937683267585593e-01 9.753386128402167232e-01 7.618038711114993866e-02 -7.973347322841005669e-01 1.075207149542367402e+00
-1.083601481708195813e+00 -6.452367147714209716e-01 6.648151787918867850e-01 -6.452367147714211937e-01 7.015127784934833688e-01 3.496545040656018899e-01 -2.827264755771744520e-01 9.408189254772402199e-01
-3.933048532083499027e-01 -6.883226077199483539e-01 9.865120745740343366e-01 -6.883226077199485760e-01 1.344097614531165330e-01 1.142764983564638959e+00 -7.276169828188010502e-01 2.338802318752581377e-01
-9.246270838659711444e-01 -7.293722198087543296e-01 8.619202680472565214e-01 -7.293722198087544406e-01 6.374122048481597469e-01 7.114260220353633146e-01 -5.747053890294450129e-01 7.473184175821452335e-01
-8.727970436378164054e-01 -7.929226391153801901e-01 5.467174262060788825e-01 -7.929226391153804121e-01 6.648519541013734324e-01 6.407178728563250880e-01 -3.387723366696357985e-01 9.451274053744355141e-01
-8.393566374967537103e-01 -5.950401294880216518e-01 7.848534170417620359e-01 -5.950401294880217629e-01 7.929827587643998310e-01 3.627324398226687840e-01 -7.384795383094080456e-01 8.273478191533746307e-01
-9.074401522519924823e-01 -6.343560724609339507e-01 7.286879774697528900e-01 -6.343560724609340618e-01 7.813971835147132117e-01 4.920742253175937608e-01 -6.026450087324738414e-01 7.766379196042743072e-01
