2.428133673525497693e-01 -1.181504587219673219e+00 8.487602148660708945e-01 5.214293277495227752e-01 -3.055042677661339856e-01 5.713874730918671041e-01 -7.860693144524868448e-01 8.868778637828333977e-02
1.203471886554068782e+00 2.192711869825800242e-01 -5.862061171249083324e-01 5.911779066437431451e-01 -6.539854731654648479e-01 3.969267984549949557e-01 3.671970373630445428e-02 -1.207375892081318014e+00
1.350676285305074664e-02 -6.162768254709733995e-01 5.966441247399658643e-01 2.777174602356803912e-01 5.624863366681494004e-01 4.784045648534325235e-01 -1.172637224261165789e+00 -1.398451996181394597e-01
6.084329440220025420e-01 -5.977219559722812825e-01 3.200747255227711641e-01 3.591345062141814148e-01 2.073069557560790754e-01 4.999798328419511328e-01 -1.135814625300852532e+00 -2.613923830838512652e-01
-7.722884620789516319e-01 -7.397782834072125224e-01 2.971641398223809349e-01 -1.059560883688815291e+00 5.671454543526524006e-01 7.981605586234430394e-01 -9.202113209608167588e-02 1.001178608472584664e+00
2.094246787583634029e-02 8.495111205736926019e-01 -3.831421699317033025e-01 -6.747349045885271401e-01 -1.357020583188007501e-01 -8.765888727621155008e-01 4.979017603746677123e-01 7.018126567769500390e-01
-1.147928787898804259e+00 -4.291276841441141743e-01 3.459746399266806494e-01 -3.810897378531267199e-01 4.828526081083367449e-01 -1.631849977203088109e-01 3.191015398637869760e-01 9.734024197175498161e-01
1.241225884613033958e+00 -2.097669107422590606e-01 -8.464382679038429114e-02 1.173284387196435574e+00 -8.480247357571782940e-01 -6.827875094707863690e-02 -3.085573220654712623e-01 -8.952387255070978211e-01
2.552356934834518198e-01 -1.180412615862295844e+00 3.955738477400109754e-01 3.723417830732669298e-01 2.604328206199776896e-01 4.248970498263137108e-01 -9.112423618434404293e-01 3.831737829627152037e-01
-1.394748338087214545e+00 -1.575954337940292660e-02 3.272208856815084221e-01 -8.674153485831295196e-01 6.127202345635325287e-01 3.106692801189925301e-01 4.548072178421738165e-01 5.725056118435399855e-01
-2.157408391139916115e-01 -1.226749236672985521e+00 6.973309581805776647e-01 -5.366575220813064595e-01 -2.350476865766499002e-01 8.761208377085056842e-01 -2.465424324899361530e-01 8.872859210457864076e-01
7.288963061238282748e-01 -7.915601804226489735e-01 6.817885112602712905e-01 9.465003407219975129e-01 -7.417052986473939846e-01 5.800606175447143437e-02 -6.689795187367058027e-01 -2.129462220538198836e-01
4.337088299634135335e-01 6.106285040320116320e-01 -6.500001651233381361e-01 2.259520031999096290e-01 -6.848943486368229694e-01 7.429267713912698912e-02 9.011856837967475720e-01 -9.108731843710482501e-01
-7.155512170499578328e-01 -5.172602873992491190e-01 8.700868169800347607e-01 -4.448892259742850408e-01 6.811612370280494266e-01 1.141682087520199396e+00 -8.356968369581263545e-01 -1.795325741466650138e-01
-1.594313758062254061e-01 -8.657318442375525613e-01 1.015138190756314396e+00 -3.970025115880932987e-01 4.022062746856676363e-02 9.567895120651599417e-01 -8.959274424186558505e-01 3.059448437604860294e-01
5.872825773069638711e-01 -9.314976985549985322e-01 8.219595974474864786e-01 5.860753131733782428e-01 -4.782053726222551537e-01 7.477730856945592475e-01 -9.310368021321950849e-01 -4.023507003129389581e-01
-2.811024682830065569e-02 -6.023455546506287783e-01 3.195549252223852665e-01 -4.034860004850774340e-01 3.523315207139429139e-01 -1.186896018604666897e-02 -6.437761991080275248e-01 1.017700515321752874e+00
-8.166624186612141401e-01 6.068685369219422032e-01 -7.388176803837632756e-01 -9.521458388933528028e-01 8.602967110705813658e-01 -1.683307904181468584e-01 6.951833879743960498e-01 5.136080923895576245e-01
1.001412938808143166e-02 -1.234551303233084596e+00 8.764001346011296434e-01 -9.050427517575825032e-02 -1.033813753164944671e-01 9.367144360813413062e-01 -7.830328886727164761e-01 3.883411423275014429e-01
7.525065943328240747e-02 1.025517380666521206e+00 -1.212639195850961471e+00 -1.346206966518708747e-01 4.056823310028338514e-01 -7.457759478328088720e-01 7.317062054148453232e-01 -1.451207361818412922e-01
-2.139722494361732119e-01 4.305093499102196075e-01 -2.600498631900074464e-01 -1.893935474343388936e-02 6.176844762444466674e-01 -9.769605122195565983e-01 -1.436623636182661201e-01 5.653905170527708801e-01
-8.600310661668797430e-01 1.518478829538559838e-01 -7.459416060267907156e-01 -8.967305925880422190e-01 9.275128732005526455e-01 7.080250793068321169e-02 6.784597989931178130e-01 6.740802017035030236e-01
6.932753025805639124e-01 5.421781308836931546e-01 -8.529537875724200191e-01 -2.687382731498357824e-01 -3.719447629758052543e-01 -3.909057157973108154e-01 5.316232479676612499e-01 1.174658580634537763e-01
6.493216907669256965e-01 -4.651549749960647850e-01 7.865683522092657975e-01 4.836935503562371230e-01 -7.673426162709818810e-01 6.539921843271909729e-01 -6.685474267052093911e-01 -6.725307596873633109e-01
-1.197354394459658966e+00 -6.558587738548395940e-01 4.825799702385523138e-01 -1.483472559978568084e-01 5.161630787560194111e-01 2.797409413239886761e-02 1.986113454650874632e-01 7.762319357202974723e-01
5.263619411741258247e-01 -8.460954400494391514e-01 8.182785332013438051e-01 6.055604632611690796e-01 -4.790639224029994425e-01 6.782550489642580338e-01 -8.655765519724700763e-01 -4.377200721759880175e-01
-9.696453044919947084e-01 -2.326966925348993853e-01 8.079768998285130621e-01 -1.105103137493164800e+00 1.898594293230859154e-01 5.890662322636164294e-01 -2.819102465960421355e-02 7.487335977644478113e-01
-8.005671783226006033e-01 7.114926218191043317e-01 -2.701840916423130512e-01 -1.026668108335436758e+00 8.944532945349652486e-01 -7.315458738008229211e-01 1.762979754299484059e-01 1.046721360317155458e+00
-2.141448677479609597e-01 8.226454340993230030e-01 -7.319239092380294132e-01 -8.277632293408195840e-01 8.563029607736754034e-01 -8.279962744666831131e-01 8.976581621231484454e-02 8.331140697081796942e-01
7.397635020711174070e-01 1.041722139973880079e+00 -8.316870339278542579e-01 5.743196373364121143e-01 -1.720505772450793003e-01 -6.922458377258402518e-01 2.639741091018161234e-01 -9.237959395844517196e-01
-2.335035877300420948e-01 7.632489591749593849e-01 -5.504916547442966213e-01 -8.822103030997772155e-01 3.285210337236189604e-01 -7.410569814011489509e-01 4.554742087507197001e-01 8.600183253259667815e-01
-9.116316814744449548e-01 -8.622540530646862766e-01 9.059893945601760201e-01 -3.130577362936394215e-01 2.828676449569033635e-01 3.880386404511373954e-01 -2.772253580426344288e-01 7.872731489071882471e-01
8.292172868816419795e-01 3.622114728967765762e-01 -4.515662354571611248e-01 1.043333174900581417e+00 -3.631200070588468942e-01 -7.676453062976774655e-01 -1.453104436563393623e-02 -6.378993414996805278e-01
9.171312039163229679e-01 4.954463339827454016e-01 -9.698011436256344098e-01 8.231984524203134201e-02 -8.796407972850740498e-01 -8.254321825976311811e-01 9.323107369943856026e-01 2.476660033728544097e-01
3.139785637866804313e-01 -7.515076459111796892e-01 4.794726934319260003e-01 7.869769272179755193e-01 -1.016524075514306374e-01 8.863092945164118275e-01 -6.917988496671758636e-01 -9.217785758232077686e-01
6.063389911099942298e-01 -8.893866567201123008e-01 6.043840878308046616e-01 4.752341102636905013e-01 -2.539474741302410465e-01 7.102171892343691617e-01 -9.567756048105580113e-01 -2.960646427779472512e-01
-5.054629499385476787e-01 1.165190651051793091e+00 -9.740434934160271396e-01 -3.246823833619212341e-01 5.863631591671198962e-01 -4.580740944323907771e-01 8.931432841874549222e-01 -3.824341732574809694e-01
7.534525210666652706e-01 6.414070574819535908e-02 6.017243511414575030e-01 2.741883686134927167e-01 -6.115994265745235969e-01 6.271921349218347874e-01 -7.435774456335992877e-01 -9.655212092835229187e-01
4.111278031976467462e-01 3.983799637033095808e-01 -3.256245754247155677e-02 5.599060761897467486e-01 -1.170827913429571154e+00 -3.292857684337819890e-01 7.922625677743959649e-01 -6.290002714592742850e-01
2.603812476095124229e-02 7.675167067774907315e-01 -1.221421505147885611e+00 -5.227349790070358049e-01 6.049622783892528721e-01 -7.331900691109410895e-01 5.904211019976814967e-01 4.884083413404860519e-01
-2.093874290448207443e-01 3.694227643352736568e-01 -8.467382482902365837e-01 -7.234269194063536190e-02 6.991873485129550536e-01 -3.613941124028878238e-01 3.569383288221023021e-01 6.431404000824936240e-02
-1.092863511946868149e+00 -3.361690904435943317e-01 4.692227015518828925e-01 -6.548362503457022532e-01 7.744529484211764014e-01 -1.360765145549261701e-01 -1.508121380261911448e-01 1.127081855344222561e+00
2.780612319001845578e-01 -9.784689226202617496e-01 8.057992183733031499e-02 9.573065362264532308e-01 -1.939007748013108490e-01 4.308855237005750904e-01 -1.647403789362038573e-01 -4.097231373067665716e-01
5.891258482686370090e-01 3.436056739593891241e-01 -1.592082727467678538e-01 7.714122145739112923e-01 -1.147195853782036146e+00 -6.721128988044742236e-01 7.172782782601669904e-01 -4.429049897288261373e-01
7.872436692274784598e-01 -5.617337226959233654e-01 5.171724831079304030e-01 1.179739793287420291e+00 -8.770576955311992773e-01 2.447121594072870776e-01 -4.273584568042095300e-01 -8.627182299987838920e-01
-1.136608648882736050e+00 7.604172361669854219e-01 -2.734244745568742418e-01 -4.299498134872651312e-01 6.025240287553704777e-01 -3.862148641475233735e-01 8.075090946842397033e-01 5.574744146780308274e-02
8.394423394270866812e-01 -6.474882410154715329e-01 5.940596737074136380e-01 8.089515438488545929e-01 -5.130295080668954011e-01 5.137664245889157488e-01 -9.204725050676049181e-01 -6.752297274222988088e-01
4.175193058754896325e-01 -6.856846487768064602e-01 8.620250961177375881e-01 3.473767809946077811e-01 -6.401430653788979797e-01 1.055421272306025893e+00 -6.394013366143291854e-01 -7.171134045238272137e-01
4.160764080499642081e-01 -9.445051291954071893e-01 2.562378107208653777e-01 7.854602977710859468e-01 -1.846939675353587718e-01 1.047331016054383168e+00 -4.876202512354707030e-01 -8.882861846300619257e-01
6.857579307606778141e-01 -2.075903285116483810e-01 -3.458774680921560263e-01 4.724005335130504468e-01 -1.030510218696249369e+00 4.821169550545367777e-02 6.906297560277275815e-01 -3.130219005068557991e-01
