-6.579968767393762352e-01 -4.399646542615822664e-01 1.342003123260623765e+00 -4.399646542615822664e-01 2.918773984510104613e-01 6.195586313368273146e-01 -9.758836449722578799e-01 2.603706771863369962e-01
-1.122163856695818307e+00 -9.873188807452475402e-01 8.778361433041815820e-01 -9.873188807452475402e-01 4.405745388918200778e-01 1.684438799701745704e-01 -1.962468255001832695e-01 1.806193881520320454e+00
-1.184412336831145662e+00 -9.573902378717714656e-01 8.155876631688544487e-01 -9.573902378717714656e-01 5.442850178853528842e-01 8.440486420789186095e-01 -1.754603442230617261e-01 1.070731833664624322e+00
-8.096098180843652736e-01 -9.651890450867621762e-01 1.190390181915634837e+00 -9.651890450867621762e-01 4.151046850501224905e-01 1.556645031810453272e-01 -7.958850488813919988e-01 1.774713586992479053e+00
-5.043183100994165224e-01 -8.369605655492328156e-01 1.495681689900583589e+00 -8.369605655492328156e-01 -2.407645552496985308e-01 1.706814630460221416e+00 -7.505988245514684243e-01 -3.289349936175567368e-02
-1.353561869504973814e+00 -7.002511570764404780e-01 6.464381304950262974e-01 -7.002511570764404780e-01 1.620355156275775421e+00 6.216984901246109807e-01 -9.132314172658277940e-01 7.788038240282700864e-01
-6.632448057595555779e-01 -5.017350485688399919e-01 1.336755194240444311e+00 -5.017350485688399919e-01 3.719696635912418947e-01 5.545574644193750347e-01 -1.045480052072130572e+00 4.489126327183050047e-01
-6.775775829284664820e-01 -3.248326489505888315e-01 1.322422417071533518e+00 -3.248326489505888315e-01 3.224224170715335736e-01 6.751673510494111685e-01 -9.672672512146007762e-01 -2.550205314823361658e-02
-6.080259295791017315e-01 -5.315579373133394459e-01 1.391974070420898268e+00 -5.315579373133394459e-01 3.945011135159220972e-02 1.106207212686324048e+00 -8.233982521933886911e-01 -4.309133805964504571e-02
-7.279319592094783964e-01 -5.731541042547496634e-01 1.272068040790521604e+00 -5.731541042547496634e-01 2.720680407905215481e-01 4.268458957452503366e-01 -8.162041223715645888e-01 7.194623127642489901e-01
-6.777569396039635485e-01 -1.057678539177698607e+00 1.322243060396036451e+00 -1.057678539177698607e+00 -7.360732794696733805e-02 1.570176833383795323e+00 -5.708787928451053428e-01 5.451802449716016685e-01
-8.165085168734393939e-01 -3.310096206227082227e-01 1.183491483126560606e+00 -3.310096206227082227e-01 1.834914831265606061e-01 6.689903793772917773e-01 -5.504744493796818183e-01 -6.971138131875220800e-03
-1.137930354393464238e+00 -1.110672274368486256e+00 8.620696456065357616e-01 -1.110672274368486256e+00 6.040007126022967077e-01 7.088496827056148808e-01 -3.281400038153681198e-01 1.512494866031357965e+00
-1.085782243745945896e+00 -5.465408922366560285e-01 9.142177562540542146e-01 -5.465408922366560285e-01 2.573467312378374672e-01 6.396226767099681965e-01 -8.578224374594582702e-02 4.534591077633439715e-01
-1.409411525174218749e+00 -6.434298768710844385e-01 5.905884748257813621e-01 -6.434298768710844385e-01 1.169994964908374069e+00 8.636069857231991609e-01 -3.511719145599368486e-01 4.232527680189696051e-01
-6.608234159990706846e-01 -5.237260402038999008e-01 1.339176584000929315e+00 -5.237260402038999008e-01 9.552028035741627621e-01 9.003076759038867172e-01 -1.633555971576021504e+00 1.471444045039131954e-01
-4.261335008073796615e-01 -5.672444981064470593e-01 1.573866499192620338e+00 -5.672444981064470593e-01 2.782131984707879591e-01 7.291046602176608493e-01 -1.425946196856028747e+00 4.053843359952332137e-01
-8.596312706696732642e-01 -1.040524159656188496e+00 1.140368729330326847e+00 -1.040524159656188496e+00 6.670435873524183101e-01 1.888883416240467295e+00 -9.477810460130718928e-01 1.921649030719098650e-01
-6.403369245719003899e-01 -8.170112356644210205e-01 1.359663075428099610e+00 -8.170112356644210205e-01 3.596630754280996101e-01 1.829887643355790350e-01 -1.078989226284298830e+00 1.451033706993262840e+00
-9.431578396230033690e-01 -6.738783485621853142e-01 1.056842160376996631e+00 -6.738783485621853142e-01 2.043955736265562206e-01 6.319230510174380644e-01 -3.180798943805495105e-01 7.158336461069327861e-01
