-3.479674812118942473e-01 6.540483418256890502e-01 -3.345223132738798788e-01 1.405348906387091645e-01 2.046051817598237843e-02 -1.311723976950584403e+00 6.620292763097916922e-01 5.171407444861859659e-01
-3.985392540450479748e-01 4.682269035433003074e-02 1.837623553439172719e-01 -3.967588481396835398e-01 2.427198052844160570e-01 -6.532106966247186453e-02 -2.794290658328546506e-02 4.152572274478254499e-01
1.095010565341618891e+00 -2.116035178659227967e-01 -1.625282614706800022e-01 6.870163929932313618e-01 -1.362522317281945394e+00 -1.471376298730806553e-01 4.300400134110065054e-01 -3.282752452542279098e-01
5.081577883495140835e-01 -2.432182650486738873e-01 1.158604693858550583e+00 -2.074489253754234208e-01 -1.500316664452382875e+00 5.155750438139823366e-01 -1.664458177556819019e-01 -6.490785338988501463e-02
4.998597621248607181e-01 -1.156676861492344610e+00 7.324651726268376351e-01 -2.979450339644252876e-01 4.930450683711624649e-01 6.364103568760000051e-01 -1.725370003122860929e+00 8.182115385807697816e-01
7.057740652915751589e-01 -1.398179416671891051e+00 1.548653233395671958e+00 -3.639808380730318316e-01 -8.311174435198556143e-01 1.309694135484563926e+00 -1.423309855167391724e+00 4.524661192603588455e-01
-1.064923216217720459e+00 7.502574329003102171e-01 -4.827404529480239237e-01 -1.220714269848734546e+00 1.352944879065272721e+00 -2.113257933136295508e-01 1.947187901004716060e-01 6.817826302620537682e-01
7.259091412683227329e-01 -7.886160317545891640e-01 -8.362362820572486477e-01 2.727444390659347628e-01 -1.630154715395442100e-01 2.668548383217700382e-01 2.733426123284702913e-01 2.490167543668842798e-01
9.883534586112651121e-01 1.389202661360429802e+00 -1.188289999916130046e+00 1.701484592352223268e+00 -7.350120862575708625e-01 -1.965234139600965158e+00 9.349486275624357967e-01 -1.125453114111687691e+00
-3.880466113155913721e-01 7.428406139073551184e-01 -8.541714019098982646e-01 -7.796963286109429569e-01 1.348379154860227525e-01 -4.461679415225174861e-01 1.107380097739466995e+00 4.830236562261053246e-01
3.522571850063258569e-01 -1.596584809453553078e+00 6.317802004988755105e-01 -4.373469424171338993e-01 6.958151464711879175e-01 1.702847623627524065e+00 -1.679852531976389507e+00 3.310841282431630783e-01
1.369552760778536049e+00 -9.654470556993990371e-01 5.651610636231102491e-02 7.503112153935649342e-01 -9.226710802085675844e-01 4.895727479543061644e-01 -5.033977869322792120e-01 -2.744369076484721726e-01
3.771949815553693464e-02 7.203132448052333991e-01 -9.850613462097894679e-01 -1.222317855629490246e+00 4.737914680946923585e-01 1.458007306764967370e-01 4.735503799595601748e-01 3.562038801477601657e-01
-1.049063946209817910e+00 -6.111813169724658046e-01 1.212835812715457595e-01 -1.322663307632323093e+00 1.089701041214560018e+00 1.265887467882558681e+00 -1.619206762762879226e-01 6.679571567222305495e-01
7.590115178775356242e-01 -1.297385006890595882e+00 6.155912422791331995e-02 5.273213844187141230e-01 -1.782982770735750400e-01 5.494615955589421397e-01 -6.422723650318736821e-01 2.206020269129397859e-01
-1.069055795742053228e+00 1.751999423144797174e-01 -6.625557456724949779e-01 2.014443022383916038e-02 9.556108242501808459e-01 -1.977675118246342567e-01 7.760007171643679147e-01 2.423139286315434404e-03
1.034194635446945565e+00 -3.784556358172124213e-01 1.888899655545581702e+00 1.598343979257990932e-01 -9.878010978846372137e-01 7.391495672778296555e-01 -1.935293193107890275e+00 -5.205283293864161331e-01
8.589932480986044450e-01 4.038510706937862293e-01 9.085518017618772202e-01 7.469519445657343271e-01 -9.495953152981606582e-01 -2.885952435392468152e-01 -8.179497345623208959e-01 -8.622077717202738523e-01
-1.871388240029312477e-01 6.237589943702326334e-01 -8.512687191196661729e-01 -6.682874181682271764e-02 -1.052505531562570873e-01 -3.477392924203602798e-01 1.143658096278854286e+00 -2.091909601330496082e-01
1.123211471172727682e+00 1.367071444540685077e+00 -1.194964816184534540e+00 -3.451862931451037397e-01 -6.139691158788724845e-01 -5.141612879777164302e-01 6.857224608906793417e-01 -5.077238634178649068e-01
1.659488292665007636e+00 -1.088084195034655366e-01 -2.560621262565672129e-01 4.662277468107752787e-01 -1.603205044575310323e+00 5.677974351716743584e-01 1.997788781668699554e-01 -9.252167624789841005e-01
-1.793791058780749736e+00 -4.590258996221456833e-01 1.673422795820108111e-01 -7.470259171505355678e-02 1.798512837417254984e+00 4.377638495201645608e-01 -1.720640582185160583e-01 9.596464181703459606e-02
-2.014924217042654564e-01 1.914635927824638317e-01 -1.908452085635277684e-01 -5.315608032639036473e-01 2.168502989582110074e-01 2.289326131527918279e-02 1.754873313095822729e-01 3.172039491661605703e-01
3.598615555166723157e-01 1.368107798175616452e+00 -1.016017453249893343e+00 1.219717823427445502e+00 1.326653808943585311e-01 -1.816061624640589622e+00 5.234905168388626073e-01 -7.717639969624721097e-01
-1.094277181118107789e+00 -9.526302385289941999e-01 9.413342568356425355e-02 -1.018036497869939438e+00 9.324464081334845611e-01 2.537999661599840140e-01 6.769734730105891884e-02 1.716866770238949735e+00
-5.014113885995414854e-01 -2.588625900774870203e-01 4.258643112766100636e-01 -7.377607270711138421e-01 1.480275256615434243e+00 -5.288959957454055782e-01 -1.404728179292502821e+00 1.525519312894006552e+00
1.839344026341758864e+00 -8.047281476682468515e-01 -5.813438514507018873e-01 1.140169328408678462e+00 -1.077030401742414378e+00 2.706014441748543220e-01 -1.809697731486427097e-01 -6.060426249152861544e-01
4.611166269551890129e-01 -3.274364171085898945e-01 -9.511208431452089496e-01 9.949071434579175310e-01 3.069045505177092625e-02 -2.443954203249658896e-01 4.593137611382488994e-01 -4.230753060243618857e-01
-9.491228948843296598e-01 6.747639869296166992e-01 -4.314611483138400261e-01 -5.311817700231100670e-01 1.542848803819898418e+00 -7.668379116942640739e-01 -1.622647606217284544e-01 6.232556947877575526e-01
1.703007659810652497e-01 6.646592713934516006e-01 -7.414084092765411693e-01 -3.761807884131623814e-02 -5.913445569100519994e-02 -2.627532238309460144e-01 6.302420989864812029e-01 -3.642879687211893480e-01
-5.711553962935728146e-01 -1.778752294094674835e-01 1.309882467195827349e+00 -4.496193634636581615e-01 7.760876974746067081e-01 3.042009666744052154e-01 -1.514814768376860910e+00 3.232936261987204851e-01
1.066259176602206926e+00 -8.807440455535598955e-01 3.707357446604596651e-01 9.961104967831612145e-01 -1.943737981541301951e-01 7.476867447973234437e-01 -1.242621123108536452e+00 -8.630531960269247627e-01
-3.461240124568434329e-01 8.273020978498704103e-01 -4.729289243729694614e-01 6.666521184364100350e-01 1.305489567615439328e-01 -5.323945522812325581e-01 6.885039800682688504e-01 -9.615596640050478872e-01
-3.220343961213142370e-01 1.608989958537271558e+00 -3.062644918561343577e-01 -1.355930869381286374e+00 3.127032716637996868e-01 -3.453656935983515641e-01 3.155956163136488524e-01 9.230660444236622741e-02
5.289611928245524508e-01 -7.614424247610345198e-01 3.885613775572385742e-01 -9.263863290092672065e-02 1.594599445615340616e-01 5.213461400317604966e-01 -1.076982514943325198e+00 3.327349176302007439e-01
-6.390030093952212553e-01 5.811919671797949327e-03 2.829947861016063326e-01 -1.218054962342918435e+00 5.998790749419444790e-01 1.060949313789385506e-01 -2.438708516483293898e-01 1.106148111292181824e+00
9.281362490144566824e-01 -3.306641029137392662e-01 1.076618721782139909e+00 -1.237567226251590213e-01 -6.577931047326839309e-01 1.193091743169957475e+00 -1.346961866063912883e+00 -7.386709176310591873e-01
2.615877319675675161e-01 9.249602484143830683e-01 -7.545885284580903241e-01 -9.524169796908227292e-02 2.745516247990087422e-02 -4.882097265075766024e-01 4.655456340106218782e-01 -3.415088239377240820e-01
-1.578263267725728225e+00 3.079979631892190151e-01 -3.571100311277558559e-02 -1.320446941452612766e+00 9.306463943051548338e-01 -6.198037586002382859e-01 6.833278765333490323e-01 1.632252736863632148e+00
-7.875603473543557609e-02 -1.571173075715169620e+00 5.441274394523583080e-01 3.293574232728744278e-01 4.067498803310799493e-01 2.324633696436538166e+00 -8.721212850480024592e-01 -1.082818043994242974e+00