-7.138629333355939188e-01 -7.774503209829251027e-01 5.476416278212397071e-01 -7.774503209829252137e-01 5.059826926880185427e-01 6.136262411577524389e-01 -3.397613871736643865e-01 9.412744008080976554e-01
-6.690187148235372527e-01 -6.510957555863261526e-01 8.638977348067594653e-01 -6.510957555863263746e-01 6.268368717307776228e-01 8.225317310114835800e-01 -8.217158917139995022e-01 4.796597801611690581e-01
-3.990763567936458367e-01 -6.021977165098038043e-01 9.048994138936271581e-01 -6.021977165098038043e-01 3.133368133838089209e-01 1.115053195271354713e+00 -8.191598704837900202e-01 8.934223774825288122e-02
-5.380349962100010597e-01 -6.835156414583156703e-01 1.058216198132410080e+00 -6.835156414583155593e-01 9.403130126692046953e-02 9.286571726338693766e-01 -6.142125031893292952e-01 4.383741102827617975e-01
-9.494128184673212845e-01 -6.693527227201722107e-01 7.916778929955353705e-01 -6.693527227201725438e-01 5.280366632779651681e-01 7.046266455854692801e-01 -3.703017378061791987e-01 6.340787998548752524e-01
-7.384192160539805316e-01 -5.960160494388068164e-01 9.342239455645477975e-01 -5.960160494388070385e-01 5.762396534798304160e-01 8.839186743210272201e-01 -7.720443829903977928e-01 3.081134245565868568e-01
-8.536995317201163669e-01 -5.654574164604662112e-01 5.658330052304832991e-01 -5.654574164604665443e-01 8.307570114285652840e-01 1.537192931698585507e-01 -5.428904849389322163e-01 9.771955397510743158e-01
-6.710606444000410953e-01 -5.691271702923458298e-01 8.753472930835385357e-01 -5.691271702923460518e-01 5.075781879397603946e-01 5.567754798178803366e-01 -7.118648366232577240e-01 5.814788607668116560e-01
-8.279521727853549340e-01 -6.254189017267030026e-01 8.995241230669689392e-01 -6.254189017267028916e-01 5.525860434762037698e-01 8.144170317084395982e-01 -6.241579937578181081e-01 4.364207717449665735e-01
-3.631554910875535724e-01 -5.100341385889273216e-01 7.500523258429205864e-01 -5.100341385889274326e-01 7.687655687805818872e-01 6.092035481567849020e-01 -1.155662403535948846e+00 4.108647290210696856e-01
-7.669915206426931586e-01 -6.057812566633297147e-01 6.435272442566625228e-01 -6.057812566633299367e-01 7.147716710884921554e-01 2.428289386569310870e-01 -5.913073947024615196e-01 9.687335746697285366e-01
-1.038538073423056929e+00 -6.621916771021651993e-01 6.150196733992782105e-01 -6.621916771021651993e-01 9.140428825564969051e-01 3.615430190400297228e-01 -4.905244825327181313e-01 9.628403351643004537e-01
-1.024093832488352174e+00 -6.292393994096298071e-01 6.850273883415993748e-01 -6.292393994096296961e-01 6.842412245674712734e-01 3.475911540951539536e-01 -3.451747804207181969e-01 9.108876447241056606e-01
-5.030257114658369666e-01 -7.831277408910343185e-01 7.018834625454631881e-01 -7.831277408910344295e-01 6.552860237392390541e-01 7.837272754467495828e-01 -8.541437748188651646e-01 7.825282063353192763e-01
-9.746803959678403961e-01 -5.484277005898943180e-01 9.091080967767943832e-01 -5.484277005898942070e-01 6.367445761963993478e-01 4.168652336708060235e-01 -5.711722770053532239e-01 6.799901675089825570e-01
-6.631403792385336393e-01 -5.123477668565827869e-01 8.935026768024731947e-01 -5.123477668565826759e-01 3.279048628432222889e-01 8.882170385651879663e-01 -5.582671604071619553e-01 1.364784951479775799e-01
-6.359022170014676512e-01 -5.623755865360213768e-01 6.086540614591438025e-01 -5.623755865360215989e-01 6.973715162102499532e-01 9.337757578877936560e-01 -6.701233606679261046e-01 1.909754151842492365e-01
-6.158129239696681356e-01 -7.261719012542536822e-01 7.914056431359290933e-01 -7.261719012542536822e-01 6.216013120349377363e-01 7.350291918653986123e-01 -7.971940312011989160e-01 7.173146106431089741e-01
-8.870452468968546000e-01 -6.685562616333879937e-01 6.079993765070526024e-01 -6.685562616333881047e-01 8.307184213281081364e-01 3.418224620784008905e-01 -5.516725509383061388e-01 9.952900611883753745e-01
-7.610504777026830814e-01 -7.336143146871484388e-01 9.906314252493280126e-01 -7.336143146871482168e-01 5.872505344153600149e-01 6.845275204755452148e-01 -8.168314819620050571e-01 7.827011088987515519e-01
-6.912367609707702476e-01 -7.079207260827834469e-01 7.407056372147364787e-01 -7.079207260827834469e-01 6.984413848031322258e-01 8.428709072674328562e-01 -7.479102610470984569e-01 5.729705448981339266e-01
-1.039875557436313436e+00 -5.984308913674112329e-01 7.102807604262654229e-01 -5.984308913674114550e-01 5.626943168617738467e-01 3.143047694473251608e-01 -2.330995198517258615e-01 8.825570132874975826e-01
-5.492722749033792651e-01 -7.459965039235938455e-01 8.510481107936408440e-01 -7.459965039235940676e-01 3.929579427079989973e-01 9.681330017323555026e-01 -6.947337785982606873e-01 5.238600061148325215e-01
-9.461668840236032718e-01 -6.689716279933289877e-01 8.825116538481069250e-01 -6.689716279933287657e-01 4.477741699160335265e-01 7.025859195863894957e-01 -3.841189397405371242e-01 6.353573364002683688e-01
-4.812508442643168016e-01 -8.097661082400486876e-01 8.330247834358346370e-01 -8.097661082400487986e-01 1.792332618816667167e-01 9.746392418972644744e-01 -5.310072010531845521e-01 6.448929745828331228e-01
-6.492195510404945580e-01 -7.788559020318323034e-01 7.749496236924366954e-01 -7.788559020318321924e-01 5.112154486408592158e-01 8.514623035497842496e-01 -6.369455212928013532e-01 7.062495005138802462e-01
-7.629265556460996800e-01 -7.256779923877607619e-01 7.650645494450722950e-01 -7.256779923877609839e-01 4.702967933556647107e-01 7.656328283422157988e-01 -4.724347871546371591e-01 6.857231564333058360e-01
-5.419799852743681923e-01 -7.036859614694150888e-01 6.113498028274152452e-01 -7.036859614694153109e-01 5.724844373625668226e-01 6.660542157931907958e-01 -6.418542549156137644e-01 7.413177071456394929e-01
-9.028203052620143998e-01 -6.304211684315563780e-01 4.881004627538714224e-01 -6.304211684315567110e-01 7.118974915490856592e-01 3.435042931393462173e-01 -2.971776490409426819e-01 9.173380437237668161e-01
-6.815688355516735797e-01 -5.625922684972355370e-01 8.844833455515789256e-01 -5.625922684972356480e-01 5.114358418328629474e-01 8.646293160849655157e-01 -7.143503518327684043e-01 2.605552209095055027e-01
-5.283449789648894113e-01 -8.770674923079979646e-01 9.158224049061447491e-01 -8.770674923079979646e-01 1.734582989929716046e-01 9.673718214423475681e-01 -5.609357249342270535e-01 7.867631631736483611e-01
-8.818568840741664028e-01 -6.786315465908361322e-01 8.706081377059367021e-01 -6.786315465908363542e-01 3.971148968643066768e-01 7.352857839693384134e-01 -3.858661504960769761e-01 6.219773092123342950e-01
-7.378020175993790231e-01 -6.016305426311799875e-01 5.730575944785466502e-01 -6.016305426311799875e-01 9.356809457390192764e-01 4.310808764616898547e-01 -7.709365226181869035e-01 7.721802088006701759e-01
-2.509237472719025308e-01 -6.274474425900911090e-01 8.015042793558784240e-01 -6.274474425900909980e-01 3.158979947637849950e-01 1.074242182489089759e+00 -8.664785268477608327e-01 1.806527026910921263e-01
-5.619830275808878062e-01 -5.706182007550711921e-01 8.721447209281761870e-01 -5.706182007550711921e-01 6.305887643061227621e-01 8.280120540264226392e-01 -9.407504576534111429e-01 3.132243474837197450e-01
-6.375869203348116798e-01 -6.114567700641175829e-01 7.466660167967357209e-01 -6.114567700641178050e-01 7.578681307040394666e-01 8.334171555818079558e-01 -8.669472271659635076e-01 3.894963845464274321e-01
-3.512448888266790914e-01 -6.506149140145147669e-01 8.477629924472018796e-01 -6.506149140145148779e-01 4.554693602237491756e-01 1.032635018432374263e+00 -9.519874638442721304e-01 2.685948095966553817e-01
-7.041353010171548243e-01 -8.479884263057814175e-01 5.512384320926783099e-01 -8.479884263057814175e-01 6.795579861747093053e-01 8.212919063901074068e-01 -5.266611172502327909e-01 8.746849462214554283e-01
-9.019364244839717104e-01 -7.644732529519639996e-01 7.918774972656175137e-01 -7.644732529519642217e-01 5.028642555119847701e-01 6.891766313115197384e-01 -3.928053282936307400e-01 8.397698745924083719e-01
-3.108186202658748121e-01 -6.610251851910812215e-01 8.515346038785609473e-01 -6.610251851910813325e-01 4.354602211554962077e-01 1.091450488584974732e+00 -9.761762047681821208e-01 2.305998817971878223e-01
-5.613830843589016073e-01 -7.121609089886484778e-01 8.620299510511157948e-01 -7.121609089886485888e-01 3.775438503221137942e-01 9.150627625358771500e-01 -6.781907170143278707e-01 5.092590554414199167e-01
-5.269895479519555170e-01 -6.652202906521373915e-01 7.129322446814171377e-01 -6.652202906521375025e-01 7.001787335243426780e-01 7.709995829986853177e-01 -8.861214302538041876e-01 5.594409983055894653e-01
-6.983107316395795738e-01 -7.435720797837027662e-01 6.573004244487163916e-01 -7.435720797837028773e-01 6.987434286161087194e-01 7.984760099521635013e-01 -6.577331214252455371e-01 6.886681496152421422e-01
-8.147263078582539508e-01 -5.944631409468134065e-01 2.640425085461541865e-01 -5.944631409468136285e-01 8.867694622866161280e-01 4.219036076882543701e-02 -3.360856629745164192e-01 1.146735921124801605e+00
-7.989521106359466218e-01 -6.791253288867628024e-01 5.106999601262511845e-01 -6.791253288867629134e-01 7.700168940854967836e-01 5.903565548638932681e-01 -4.817647435758014018e-01 7.678941029096324478e-01
-6.463350082032062183e-01 -5.956559138259097663e-01 8.924636592962010839e-01 -5.956559138259102104e-01 5.081042046108615873e-01 8.351252758385752095e-01 -7.542328557038563419e-01 3.561865518132447672e-01
-7.824420953826394243e-01 -5.972477389796309044e-01 8.054617095722249598e-01 -5.972477389796310154e-01 8.070170924160195991e-01 7.907913899485875531e-01 -8.300367066056051346e-01 4.037040880106742557e-01
-9.291703049634965073e-01 -6.094125238710019765e-01 5.846944653745739240e-01 -6.094125238710018655e-01 9.430873664395316158e-01 2.788743566719144584e-01 -5.986115268506090326e-01 9.399506910700893281e-01
-7.121534276782094386e-01 -7.302147536930033711e-01 3.865080385884201997e-01 -7.302147536930034821e-01 8.107179498644460081e-01 5.467260512323733890e-01 -4.850725607746568246e-01 9.137034561536335753e-01
-2.368928374408328652e-01 -6.599832254766970774e-01 5.158603472530990386e-01 -6.599832254766971884e-01 6.500070421754688965e-01 9.846725622135070743e-01 -9.289745519877352642e-01 3.352938887398873025e-01
-6.475044157341063311e-01 -5.263014987574320402e-01 2.167912105276933177e-01 -5.263014987574321513e-01 1.030056336689430641e+00 1.478758690063360637e-01 -5.993431314830178769e-01 9.047271285085282111e-01
-4.158410716156556997e-01 -6.552322619401789172e-01 8.470899919046079862e-01 -6.552322619401789172e-01 3.505531452370487799e-01 1.148657795625691369e+00 -7.818020655260011775e-01 1.618067282546661045e-01
-8.048098885711927331e-01 -6.728336778910195548e-01 2.627999166551511223e-01 -6.728336778910196658e-01 7.865245009492670691e-01 2.665221359929477729e-01 -2.445145290332254306e-01 1.079145219789091392e+00
-9.243816518324916576e-01 -6.011593021805718973e-01 2.778907674101505632e-01 -6.011593021805718973e-01 1.000999418541186348e+00 3.080584790618112745e-01 -3.545085341188452532e-01 8.942601252993325200e-01
-4.567059523101918983e-01 -8.187814562875532776e-01 4.147309888911432929e-01 -8.187814562875533886e-01 7.989223736200924408e-01 9.101583999684420556e-01 -7.569474102010436134e-01 7.274045126066648326e-01
-4.241740903589507616e-01 -5.438873287754164565e-01 7.021765109761667345e-01 -5.438873287754164565e-01 7.126490066001557322e-01 8.997195319050249607e-01 -9.906514272173715385e-01 1.880551256458080356e-01
-9.867752437581047698e-01 -6.864460827788819719e-01 9.167626667819350761e-01 -6.864460827788820829e-01 7.813332140086381994e-01 8.035799569540619247e-01 -7.113206370324685057e-01 5.693122086037022411e-01
-9.250950261091480664e-01 -5.691741983107608815e-01 5.556752478214966873e-01 -5.691741983107612146e-01 8.612877579689591778e-01 8.010549007042551406e-02 -4.918679796813081317e-01 1.058242906551096318e+00
-3.526997230525480975e-01 -6.041569255111488568e-01 1.056617287606537836e+00 -6.041569255111489678e-01 2.383569909548029775e-01 9.919939407759708061e-01 -9.422745555087924663e-01 2.163199102463272405e-01
-7.069923215591811250e-01 -5.928853927496952059e-01 6.651026663465562372e-01 -5.928853927496953169e-01 7.714693056989853082e-01 4.420482142090939592e-01 -7.295796504863605314e-01 7.437225712902966190e-01
-7.925326293461195659e-01 -5.951897371809098392e-01 7.469048340515644924e-01 -5.951897371809098392e-01 7.310857963098036372e-01 5.906065213487372567e-01 -6.854580010152486746e-01 5.997729530130823106e-01
-8.227639727863269581e-01 -6.615624673371202080e-01 3.340074231709245223e-01 -6.615624673371203190e-01 5.878433146851342883e-01 2.145466434052457072e-01 -9.908676506973179698e-02 1.108578291268994542e+00
-6.819422058775814754e-01 -7.229125045112129166e-01 6.314761215283449802e-01 -7.229125045112132497e-01 6.330288151974171607e-01 5.746639053209372516e-01 -5.825627308481806654e-01 8.711611037014889147e-01
-7.477084943625191826e-01 -7.447739619618527485e-01 8.523737770418469140e-01 -7.447739619618529705e-01 5.223810236683313901e-01 8.238634777433028189e-01 -6.270463063476592325e-01 6.656844461804027890e-01
-9.697969678473435939e-01 -7.905987009761566986e-01 8.012778745367868938e-01 -7.905987009761569206e-01 5.591320712056971898e-01 5.666303210737340113e-01 -3.906129778951404341e-01 1.014567080878579830e+00
-9.065266244226353187e-01 -7.763301577737106163e-01 8.837386559828305233e-01 -7.763301577737107273e-01 6.532506556956968469e-01 6.898309243207564334e-01 -6.304626872558919404e-01 8.628293912266650212e-01
-7.816341762917869973e-01 -8.282804186155167114e-01 4.709567915179027064e-01 -8.282804186155168225e-01 8.324596504476903247e-01 6.702974435530207886e-01 -5.217822656738060338e-01 9.862633936780130783e-01
-7.486305247728241019e-01 -6.025387345551913576e-01 6.246129768910420044e-01 -6.025387345551913576e-01 1.059020731546763017e+00 4.943940315693580168e-01 -9.350031836649811412e-01 7.106834375410244764e-01
-4.803877819066835753e-01 -7.040505209274834364e-01 6.026920399188394617e-01 -7.040505209274834364e-01 6.620412725710599355e-01 6.574167642673512946e-01 -7.843455305832158775e-01 7.506842775876154672e-01
-7.397469363010299448e-01 -6.240482989909159617e-01 9.591086955764832611e-01 -6.240482989909159617e-01 5.538404185630566579e-01 7.452627781212984859e-01 -7.732021778385100852e-01 5.028338198605334375e-01
-5.868787984243094558e-01 -6.881941745711480651e-01 8.188274073513693851e-01 -6.881941745711480651e-01 7.147773183670443897e-01 9.321844559530166885e-01 -9.467259272941044301e-01 4.442038931892792752e-01
-4.775920454726293451e-01 -6.091353661539818942e-01 1.088268361192535005e+00 -6.091353661539817832e-01 1.041569833928473326e-01 8.945409635891413691e-01 -7.148332991127531733e-01 3.237297687188224193e-01
-4.946284900169430343e-01 -5.798174714053858647e-01 7.025148654709698626e-01 -5.798174714053859757e-01 7.241879026132510555e-01 6.068433232020217227e-01 -9.320742780672778283e-01 5.527916196087502287e-01
-5.674755155646133975e-01 -6.736790963197223370e-01 5.990839952614920305e-01 -6.736790963197222259e-01 5.351941598254524868e-01 5.311177865731977477e-01 -5.668026395223310088e-01 8.162404060662470373e-01
-9.459052806629343335e-01 -7.798283246654047485e-01 9.692099871008581502e-01 -7.798283246654048595e-01 4.515865852887797072e-01 6.681291716397308456e-01 -4.748912917267035794e-01 8.915274776910789845e-01
-7.562249827684672798e-01 -6.155751441761356801e-01 9.759781564310872071e-01 -6.155751441761359022e-01 6.300059608202067674e-01 8.496915449299978773e-01 -8.497591344828266946e-01 3.814587434222737605e-01
-9.786283624754098520e-01 -5.500317791293887204e-01 8.632754853668366257e-01 -5.500317791293889425e-01 7.464329075329484420e-01 3.398066975702925263e-01 -6.310800304243753267e-01 7.602568606884850810e-01
-1.044724690249976495e+00 -6.182815123076256247e-01 7.643167230660349309e-01 -6.182815123076255137e-01 7.153371249945426058e-01 6.027166206158046657e-01 -4.349291578106010969e-01 6.338464039994465837e-01
-7.679514964531651833e-01 -5.745584415208534468e-01 4.894476931562349309e-01 -5.745584415208536688e-01 8.825448203530817937e-01 1.533686097657273872e-01 -6.040410170561516523e-01 9.957482732759799227e-01
-6.543873228775510809e-01 -6.490469840634925935e-01 6.210413935163501264e-01 -6.490469840634928156e-01 9.112356584256047221e-01 4.422548533911084268e-01 -8.778897290644041007e-01 8.558391147358770379e-01
-6.442335316044626170e-01 -5.765675038384772133e-01 7.269045277703883867e-01 -5.765675038384774354e-01 7.028475918860650484e-01 8.274265635476429903e-01 -7.855185880519909292e-01 3.257084441293117694e-01
-8.255363552185807086e-01 -7.424058811078235731e-01 6.281199679976172678e-01 -7.424058811078236841e-01 7.704569460267269854e-01 4.404033292792361998e-01 -5.730405588057636557e-01 1.044408432936410946e+00
-5.906207360862723021e-01 -6.230273697317638693e-01 9.334604960777594940e-01 -6.230273697317640913e-01 6.197864381091391373e-01 8.195155612935375311e-01 -9.626261981006263291e-01 4.265391781699904294e-01
-7.494510324813411506e-01 -6.395824371405433029e-01 8.727765826985875997e-01 -6.395824371405434139e-01 6.819015148651847991e-01 8.183946277361882071e-01 -8.052270650824312481e-01 4.607702465448987317e-01
-1.023753765225637435e+00 -7.208160475292152425e-01 4.312517467871074262e-01 -7.208160475292151315e-01 6.868851180483230845e-01 4.667020508212587071e-01 -9.438309960979315849e-02 9.749300442371717779e-01
-5.352036337263255117e-01 -6.911392853860108820e-01 8.972799675471500036e-01 -6.911392853860108820e-01 4.384974766040279914e-01 9.440800568100512491e-01 -8.005738104248523168e-01 4.381985139619703484e-01
-4.773373696754416029e-01 -7.279477837700978338e-01 5.242795442988174015e-01 -7.279477837700980558e-01 5.257474779306573476e-01 1.129569937378130717e+00 -5.726896525540332572e-01 3.263256301620652833e-01
-6.853223627526578987e-01 -7.221471933881189464e-01 8.878550949210981535e-01 -7.221471933881191685e-01 3.396153241486359331e-01 7.342275286970819659e-01 -5.421480563170760769e-01 7.100668580791563711e-01
-8.058224980266514015e-01 -7.648484404453896879e-01 5.305012133820170561e-01 -7.648484404453895769e-01 6.235114932346486061e-01 5.539716586158853762e-01 -3.481902085900141497e-01 9.757252222748939996e-01
-4.699911210806895223e-01 -7.664835622737685705e-01 8.099544461287034869e-01 -7.664835622737685705e-01 7.355164042676205494e-01 8.413952307742366132e-01 -1.075479729315634403e+00 6.915718937733005278e-01
-5.878870937174267564e-01 -7.042183236969875582e-01 7.720855894346244641e-01 -7.042183236969875582e-01 5.477392917694977603e-01 6.520679016301627051e-01 -7.319377874866954681e-01 7.563687457638125222e-01
-8.157746647839475562e-01 -6.275840872900340095e-01 7.776085657888489600e-01 -6.275840872900338985e-01 8.136175319869966005e-01 5.582820638461175600e-01 -7.754514329918978932e-01 6.968861107339502370e-01
-7.410861091833108594e-01 -6.386155378436779717e-01 5.422911263859016007e-01 -6.386155378436779717e-01 8.096096306686957345e-01 5.436453086110921706e-01 -6.108146478712864758e-01 7.335857670762638838e-01
-5.604742979287068438e-01 -6.204505057067692952e-01 1.045542574731415986e+00 -6.204505057067696283e-01 4.633531447530109815e-01 9.453803164832058625e-01 -9.484214215557202898e-01 2.955206949303330055e-01
-8.148943890951083624e-01 -8.231226622122281844e-01 7.875593033398395892e-01 -8.231226622122284065e-01 5.693820043265884756e-01 7.780607894389323098e-01 -5.420469185713198135e-01 8.681845349855242810e-01
-5.811344743543370717e-01 -7.458763849493591502e-01 6.320920974645177770e-01 -7.458763849493593723e-01 5.443936395153416985e-01 8.200936897240639345e-01 -5.953512626255224038e-01 6.716590801746545880e-01
-1.028491718196288929e+00 -6.500159532921259142e-01 5.657560344410309527e-01 -6.500159532921260253e-01 7.867962223793678600e-01 5.574080787524674507e-01 -3.240605386241097174e-01 7.426238278317844888e-01
-9.888769623974947853e-01 -6.711619341209386080e-01 6.532386243961815220e-01 -6.711619341209387191e-01 8.656059938419273792e-01 4.906030911853880849e-01 -5.299676558406142268e-01 8.517207770564894087e-01
-9.232999588951510406e-01 -7.216881526754630460e-01 6.885585012720187859e-01 -7.216881526754632681e-01 7.545028064692156367e-01 6.712391760015509190e-01 -5.197613488460834930e-01 7.721371293493755061e-01
-3.513326570269951210e-01 -7.618405855366445767e-01 8.600759232893875339e-01 -7.618405855366444657e-01 1.321805668376882237e-01 1.144247317422310450e+00 -6.409238331000807198e-01 3.794338536509787030e-01
