6.827306310173849591e-01 -1.354840552564293699e+00 1.823964115741381897e-01 1.991665521377743220e+00 -3.721182538597718747e-01 -5.765557831530825350e-01 -3.925660724891351094e-01 -1.234548286577770382e+00
1.656699700581273915e-01 2.977421766359218958e-01 -1.987118527192892614e+00 2.266273568807382899e-01 -1.540830727650861487e+00 -1.275084573166390678e+00 1.458802790923225512e+00 -1.307649901093211220e+00
-1.170817738552833776e+00 -4.573961528569727153e-01 -1.583153990587176319e+00 -9.486234867187666175e-01 5.175179415052528764e-01 -1.301944602033181297e+00 4.731228312263999758e-01 2.483175771831764023e-01
1.477797617833919164e-01 -1.947463502038118688e-01 0.000000000000000000e+00 0.000000000000000000e+00 -1.786437459302325115e+00 -8.992447964828340634e-01 6.994334494846780048e-01 -1.016836066457441401e+00
1.261229004507143925e+00 6.487843535308243093e-01 -8.423727127333113796e-01 2.984784798360018421e-01 5.064278212903029486e-01 -3.153048403827625190e-01 1.238672190285548647e+00 -3.469499442127531585e-01
3.682084670909021584e-01 3.495415153408195086e-01 0.000000000000000000e+00 0.000000000000000000e+00 1.757539320638784042e-01 -1.671627182644780940e-01 1.090726583756004286e+00 -3.259501264160276079e-01
1.334329961917172236e-01 -6.448776195890911778e-01 8.505097837080612955e-01 -1.918649478945983963e-02 -1.878614575320506075e-01 1.384483259738233940e+00 -1.753038125087593935e+00 -7.833723602581277312e-02
-1.131976350714725132e+00 -1.041619636194543452e-01 7.061049740685949871e-03 -8.288250401785313137e-02 1.451292709151793980e+00 1.651311218584926299e-01 -3.330917987561569649e-01 5.102843047635102769e-01
7.781193355212460139e-01 4.109705932776177018e-01 -5.436455702507050347e-01 9.819445983879464546e-01 -1.258095944647801279e+00 3.726968974192849116e-01 1.883640693685672551e-01 -7.806102797680478655e-01
-1.694273493286769128e+00 -1.062749890588490231e+00 8.549125688812375667e-01 -4.364725911955634752e-01 -2.133507955028567105e-02 4.479433959173999974e-02 -1.724838566785129146e+00 -1.012389212966348095e+00
-1.011160395587084926e+00 5.740916373890099234e-01 -1.531154774552460962e+00 -1.286687629677538691e+00 1.951136212255712321e+00 -4.393944483313736993e-01 3.851464270829754039e-02 5.106423300178817293e-01
-5.834186251949734503e-01 -5.143918755318602765e-01 1.157211476018120466e+00 -1.300863158129920150e+00 2.373123124067204326e-01 1.494117192222430557e+00 -4.702325118419496686e-02 9.477361361052675237e-01
-1.868684912432747314e-01 1.864024208901945645e+00 -1.317223856921896363e+00 -1.504965551351858499e+00 6.562785763397556149e-01 -1.887912397059541725e+00 7.590703853910488741e-01 -3.368295605753299782e-01
7.256448386583941312e-01 -7.441211635642850375e-01 -1.496308578433081404e+00 7.819428444808722567e-01 -4.315924197598138834e-01 -7.999083895217781182e-01 5.365216575443494396e-01 -1.010312303298162684e+00
6.945198582604357185e-01 -1.379193792676791208e+00 0.000000000000000000e+00 0.000000000000000000e+00 -1.840984400348103511e-01 2.505638362707847677e-01 -6.929990462742180446e-01 -2.925046791390891188e-01
1.631118398706870587e-01 1.620222552452927012e+00 -1.936778951329459764e+00 4.988860528088137625e-01 0.000000000000000000e+00 0.000000000000000000e+00 7.446697061991300881e-01 1.323555813284189808e+00
1.699648689848968441e+00 4.763764455863784830e-01 -1.022391522655486273e+00 1.903832366145374877e-01 0.000000000000000000e+00 0.000000000000000000e+00 1.209356159627569038e+00 2.913483450426598287e-01
0.000000000000000000e+00 0.000000000000000000e+00 1.855555799715528975e+00 7.462658200280002374e-01 -6.697038271485966643e-02 1.214193836737580856e+00 -4.993682489595122620e-01 -1.783668729256058516e-01
5.887412431255135692e-01 5.312554801530179338e-01 -1.734296225374409639e+00 -9.961006990520964166e-01 0.000000000000000000e+00 0.000000000000000000e+00 1.877639705104338919e-01 1.170522513975787438e-01
0.000000000000000000e+00 0.000000000000000000e+00 9.148347327214770841e-01 4.825669327016710031e-01 -1.807782594477166160e+00 -8.555244538325048609e-01 -1.799604213226934979e+00 -8.725965137082913881e-01
