-5.530110582678613440e-01 5.647042189946154256e-01 -5.185092965671518339e-01 -1.060897384738710647e+00 9.562893927706053177e-01 -3.641534033373487467e-01 1.152309620644078048e-01 8.603465690814438016e-01
4.248496315801298384e-01 -6.765589685422013222e-01 9.565853721101056362e-01 1.756090568912297978e-01 -5.158921180105320303e-01 9.014061880340797916e-01 -8.655428856797031667e-01 -4.004562763831082672e-01
8.477235052983314034e-01 1.283620449777029271e-01 2.058895198296927243e-01 9.476821285135430539e-01 -9.924044601274277788e-01 -2.875783278813063282e-01 -6.120856500059637662e-02 -7.884658456099397084e-01
6.567621769764515616e-01 5.982666849702328316e-01 -8.201481758775606146e-01 8.332213542510612525e-01 -4.711359581331142077e-01 -9.607173760930826090e-01 6.345219570342233162e-01 -4.707706631282115861e-01
-9.247484180080084437e-01 -6.912206543444358031e-01 7.284161408957111616e-01 -5.791663580851882376e-01 6.621706339315669432e-01 5.112390746969807109e-01 -4.658383568192697166e-01 7.591479377326432187e-01
7.095221438186098961e-01 9.328502196540522373e-01 -7.683460986196896103e-01 4.895830411890731426e-01 -6.039441425936377117e-01 -4.443576667047940965e-01 6.627680973947173149e-01 -9.780755941383312280e-01
4.311786529191430906e-01 8.043318456231046687e-01 -6.905333993116999913e-01 5.321291696961898410e-01 -7.285231982013314900e-01 -4.983371098244107067e-01 9.878779445938884463e-01 -8.381239054948838030e-01
-5.369988656310404895e-01 6.255093102298963093e-01 -7.318864175026715824e-01 -3.298859328475941544e-01 9.087755164678078534e-01 -1.002857997049547478e+00 3.601097666659042740e-01 7.072346196672454344e-01
8.223504976769909769e-01 5.088432259374230382e-01 -5.051273612398621271e-01 7.114935267881543624e-01 -7.828413691358288018e-01 -4.977348932612546406e-01 4.656182326987000630e-01 -7.226018594643227599e-01
-9.854355341442090355e-01 -6.734934988922391952e-01 4.439588982381305615e-01 -8.863347895173260271e-01 6.199457906051185629e-01 6.245108007015621743e-01 -7.846915469904003348e-02 9.353174877080030480e-01
8.456627905407044787e-01 2.245591951910895154e-02 4.599625640660047199e-01 8.947919456637387636e-01 -1.083903377714846128e+00 2.959293280139538296e-01 -2.217219768918630152e-01 -1.213177193196801396e+00
4.776199585112059776e-01 -6.135212333551999242e-01 8.768569183100538567e-01 2.348771238714094656e-01 -8.004170522777080965e-01 1.195361099489785195e+00 -5.540598245435517377e-01 -8.167169900059947363e-01
7.697092649117590613e-01 -5.111769176353861965e-01 5.665425262299422782e-01 1.034364598551149816e+00 -1.068542471873497268e+00 1.121794481402079435e-01 -2.677093192682040712e-01 -6.353671290559715912e-01
-8.910879085140935851e-01 -2.297877028715975822e-01 1.406224648495358887e-01 -8.413447332970426240e-01 7.893430037504415298e-01 2.331750092297579791e-04 -3.887756008588370144e-02 1.070899261159410365e+00
-5.843129640022832749e-01 9.308972910873857254e-01 -9.377759507201219868e-01 -4.521770616691521416e-02 3.816408814169200414e-01 -7.342577116427370099e-01 1.140448033305485165e+00 -1.514218732777334875e-01
-7.151888981858178784e-01 5.665081290745073161e-01 -5.624356704353854486e-01 -5.792083398249138204e-01 8.772586485041843352e-01 -7.456829058031901880e-01 4.003659201170191029e-01 7.583831165535965813e-01
-6.920384832840849043e-01 -6.544295525605401398e-01 5.498199511244618032e-01 -6.714764459132589458e-01 8.445239647804907435e-01 8.675384167358655141e-01 -7.023054326208677534e-01 4.583675817379335160e-01
1.048283438040184645e+00 1.121214268473082754e-01 6.119198808032189074e-02 9.393440689221262963e-01 -9.154430744005602749e-01 -9.551613810134354510e-02 -1.940323517199461778e-01 -9.559493576680910820e-01
-1.019367682668658182e+00 1.647878829156040337e-01 3.074226687057270424e-01 -1.112165897128798209e+00 7.414770916444264337e-01 2.424111073284778706e-01 -2.953207768149529455e-02 7.049669068847164155e-01
3.365173381923854956e-01 1.001163127076327264e+00 -6.793672355024973353e-01 3.604504725441354807e-01 -6.772657292975787779e-01 -6.579923977063097951e-01 1.020115626607690729e+00 -7.036212019141530050e-01
1.081022231219775698e+00 2.570473185829867946e-01 1.902809060556133747e-01 7.762432742361181637e-01 -8.377950453085010185e-01 -9.561663180555124431e-03 -4.335080919668879984e-01 -1.023728929638549889e+00
-4.065968499280696591e-01 9.660952343763500316e-01 -7.452526991497835374e-01 -2.237914930360313526e-01 2.075598985811750730e-01 -7.369252170405669045e-01 9.442896504966781235e-01 -5.378524299751719084e-03
1.927733521878781942e-01 -7.031308670553511053e-01 9.902370371953188588e-01 1.381404539427048828e-01 -4.434654289523324300e-01 1.099453724040020397e+00 -7.395449604308649283e-01 -5.344633109273743132e-01
-5.787257772755286522e-01 4.094178174344887955e-01 -1.009173409549731781e+00 -3.609387312543070325e-01 8.931941333590214249e-01 -7.454179678014740684e-01 6.947050534662387866e-01 6.969388816212922499e-01
-2.967072215674619318e-01 -1.288359254375687879e+00 1.004619674865385281e+00 4.811481146004717435e-01 9.084013644663133102e-02 7.065650400531369169e-01 -7.987525897445547640e-01 1.006460997220791076e-01
8.075601736944062470e-01 2.294257376865843634e-01 -3.121730113693377273e-01 1.084946961821363853e+00 -8.095870890442703471e-01 -6.741333629537190619e-01 3.141999267192019385e-01 -6.402393365542291548e-01
-4.615538522451078512e-02 9.978896279288559379e-01 -1.121107947147280903e+00 -4.456754278152991189e-01 3.169414240833736685e-01 -7.549345689626879574e-01 8.503219082884180269e-01 2.027203688491310829e-01
-7.992732495995301667e-01 5.114849761452042731e-01 -5.288888160905806934e-01 -1.027138006674334969e+00 8.681063592423146069e-01 -6.023159749289379306e-02 4.600557064477961422e-01 5.758846280220245584e-01
7.093252158907836780e-01 -7.613967089336974858e-01 3.444777388528608708e-01 1.035519076767425162e+00 -7.748371613341995534e-01 5.075181500136813906e-01 -2.789657934094448843e-01 -7.816405178474089555e-01
6.997264753209674337e-01 9.797800729420960697e-02 4.004383050287106949e-01 8.594154041479673545e-01 -1.150125671882485712e+00 6.122063427682369191e-02 4.996089153280747208e-02 -1.018614045719000716e+00
7.071798933667599041e-01 -8.726594955978403956e-01 6.100663935261976256e-01 7.929821222900319544e-01 -4.936320132292242313e-01 5.989652923617589941e-01 -8.236142736637332984e-01 -5.192879190539503309e-01
-9.076789036244847786e-01 -2.877889150483988190e-01 3.664646905201712768e-03 -8.734234549931153557e-01 9.536284015641564027e-01 2.761501181088276691e-01 -4.961414484487339238e-02 8.850622519326866167e-01
-8.408245680893949858e-02 1.000058539954896464e+00 -8.337135984215027218e-01 1.250923996237024438e-01 -3.597706984883777825e-01 -9.829335687898539398e-01 1.277566753718819781e+00 -1.422173707887449123e-01
8.034750947021972456e-01 1.595738499300627944e-01 -2.079117047120084688e-02 7.034351394810894886e-01 -8.560519754467776909e-01 4.735650709365634148e-01 7.336805121578118816e-02 -1.336574060347715864e+00
1.198403686407990776e+00 3.928755447377088039e-01 -5.077648216601133857e-01 7.749093662652284387e-01 -7.609621248374998093e-01 -1.879231097172627818e-01 7.032326008962247466e-02 -9.798618012856745718e-01
7.454840551295977003e-01 2.696854527095637888e-01 -3.057911689076155959e-01 1.163394106310011056e+00 -8.425759849143275027e-01 -7.836092784551647039e-01 4.028830986923452873e-01 -6.494702805644102517e-01
-1.160389012904384121e+00 2.010383495207530846e-01 3.280998419915928666e-02 -1.128633637827729963e+00 9.552071789813133540e-01 7.409055371023487435e-04 1.723718497239115355e-01 9.268543827698743076e-01
9.477656267927380140e-01 -7.015991075213681150e-01 6.712200869127826763e-01 6.907169106543544768e-01 -7.579659263458351504e-01 5.272904019310883372e-01 -8.610197873596856510e-01 -5.164082050640746990e-01
-9.757275352236152166e-01 -3.264170608553221831e-01 5.788590253125954765e-01 -7.968625168480467647e-01 8.640545991242127855e-01 1.174994822524775828e-01 -4.671860892131929344e-01 1.005780095450891309e+00
6.356984710644129066e-01 9.065002539842714757e-01 -9.017258513887117521e-01 3.468202475553061048e-01 -5.659305729314009215e-01 -7.296856777052518339e-01 8.319579532556998780e-01 -5.236348238343255801e-01