-9.685485453101688735e-01 4.194556049983212409e-01 -5.548844325952699830e-01 -7.722976243538342001e-01 7.456159613662489694e-01 -2.767896083546027008e-01 7.778170165391897761e-01 6.296316277101157155e-01
7.091492304548132619e-01 -6.071400931185590988e-01 5.699700828019265142e-01 9.194449868575849116e-01 -8.760472824320275631e-01 5.495671671647008871e-01 -4.030720308247122685e-01 -8.618720609037264779e-01
-6.870436742350956028e-01 2.233271546741488200e-01 -3.380141447086751350e-01 -1.033068960433675354e+00 1.158236477384951835e+00 -3.442290120792820818e-03 -1.331786584411811525e-01 8.131840958803192576e-01
-5.918677349875169913e-01 -6.374699001094992212e-01 9.990903921361182771e-01 -7.673548999317605368e-01 1.692831934064291666e-01 9.179265931066624695e-01 -5.765058505550303414e-01 4.868982069345973440e-01
1.130115478444571053e+00 -2.688061990783858768e-01 -2.210646186729684284e-02 1.036483602385714686e+00 -8.777011978638165068e-01 -7.044171138735511040e-02 -2.303078187134577626e-01 -6.972356919199735881e-01
5.886023857204751852e-01 7.443421937191135873e-01 -1.042762596055796021e+00 3.750409043315284241e-01 -3.668594113424620273e-01 -9.893323674910569077e-01 8.210196216777828626e-01 -1.300507305595852703e-01
6.182938852811514785e-01 -8.162460730155027822e-01 5.285567364446182026e-01 6.004472133312970250e-01 -2.059289580112287354e-01 8.193778721583662161e-01 -9.409216637145410012e-01 -6.035790124741604590e-01
6.207630839098596809e-01 -6.236034942832598960e-01 4.976062465868448248e-01 9.178925006946094811e-01 -5.954307878555680222e-01 4.616240122354328679e-01 -5.229385426411365945e-01 -7.559130186467823975e-01
3.987804002962218597e-01 -9.579289093646827791e-01 8.302842077041879820e-01 7.147870907154546538e-01 -6.505706739330374688e-01 7.385013440744599977e-01 -5.784939340673725949e-01 -4.953595254252319835e-01
-6.215006679809129686e-01 -7.585283733961664665e-02 1.292831225807042905e-01 -8.977745754053778615e-01 9.682777559821218460e-01 -1.567407097711829844e-01 -4.760602105819132790e-01 1.130368122516177465e+00
-9.017036977544351517e-02 9.731989663357403231e-01 -8.585726486264676494e-01 -2.096455390789640771e-01 -1.857496061707561708e-01 -7.316840295149923401e-01 1.134492624572667197e+00 -3.186939774178403073e-02
-6.252689447442500992e-01 -1.061177597723898858e+00 8.484530760431068241e-01 -3.112465158753154326e-01 6.506653781106619405e-01 7.367647599450442009e-01 -8.738495094095185545e-01 6.356593536541699230e-01
-9.169676286628110073e-01 -7.770976563435088025e-01 7.724337807947363466e-01 -5.182188715539537416e-01 6.236971963286801479e-01 4.472219483595786249e-01 -4.791633484606052651e-01 8.480945795378839192e-01
9.292288584160250942e-01 -5.345702606446849081e-02 3.373440704896319420e-01 9.960564399939342284e-01 -1.004545557953652191e+00 1.857859983495890877e-01 -2.620273709520049010e-01 -1.128385412279054867e+00
-8.168771207335979723e-01 -7.638629371034647564e-01 1.013208301166837355e+00 -3.172686761186099824e-01 5.197650103399580335e-01 5.559357987980728666e-01 -7.160961907731973053e-01 5.251958144240019832e-01
7.360443865320704937e-01 -4.006170962829488369e-01 1.090795347133478865e-01 1.024182075005626968e+00 -9.450565551981355839e-01 -5.761262145379580923e-02 9.993263395271714811e-02 -5.659523572688823778e-01
7.461848049120802795e-01 4.047791581065364186e-01 -4.664225635744974063e-01 6.849642757480417510e-01 -8.896889026773141529e-01 -7.528066512014509604e-01 6.099266613397311687e-01 -3.369367826531270982e-01
-7.387361683844272386e-01 -6.006829954476695654e-01 6.445326353341355174e-01 -8.592009102345303795e-01 7.460532015551429863e-01 6.083261661865106973e-01 -6.518496685048513761e-01 8.515577394956894697e-01
-4.945416554541441911e-01 -9.946081117868421639e-01 8.427554364974955137e-01 -3.261809176762057172e-01 5.902391714921269017e-01 6.771657194154853121e-01 -9.384529525354783352e-01 6.436233100475627911e-01
4.086524701148481764e-01 -9.748799674803096948e-01 1.042269640029195088e+00 6.581903834596958269e-01 -4.257562832540000008e-01 7.950928900004475830e-01 -1.025165826890043430e+00 -4.784033059798336041e-01
-7.012322028106962590e-02 -9.869360405377592960e-01 1.022738060488915579e+00 -6.167215779130313935e-02 -1.157760395570893441e-02 1.094585626349162011e+00 -9.410372362521368661e-01 -4.597742802009960328e-02
-5.275784334922173358e-01 1.077553573243658303e+00 -6.445733187766398142e-01 -6.686879145728422680e-01 2.759865883099968942e-01 -5.824463798487229393e-01 8.961651639588603668e-01 1.735807211779069326e-01
8.359122308555554381e-01 -3.993263804832415387e-01 5.728091358763274243e-01 9.760550008110532305e-01 -1.024723035370317170e+00 2.040591937699638980e-01 -3.839983313615655813e-01 -7.807878140977756454e-01
-1.118547869662389171e+00 3.026639634259592482e-01 4.703471322073297933e-02 -1.106407517142760977e+00 8.267782030279797745e-01 1.027934075846793638e-01 2.447349534136765148e-01 7.009501461321223648e-01
8.673571250552116751e-01 3.674440675467627315e-01 -1.916192339090096175e-01 1.145833106987522054e+00 -7.216540201952192923e-01 -6.791624909746521999e-01 4.591612904901722775e-02 -8.341146835596324749e-01
-8.050447819418424800e-01 6.164458132319918793e-01 -7.461327906821041411e-01 -8.065043670432316958e-01 8.718803779816032273e-01 -4.755564065240175387e-01 6.792971946423433938e-01 6.656149603352572441e-01
1.026294248894068506e+00 -2.353414384100512013e-01 1.825376200430978701e-01 1.038562627251012005e+00 -8.980149198368867491e-01 -3.069047777848285530e-02 -3.108169491002795715e-01 -7.725307110624778373e-01
8.180058918137267376e-01 3.460962261642981375e-01 -1.861640135053758138e-01 9.133813408767583741e-01 -8.260553878886787160e-01 -2.983272457190284666e-01 1.942135095803277367e-01 -9.611503213220280450e-01
1.078091607944630326e+00 2.241290656728102682e-01 -2.005283262302072766e-01 7.716613905894631475e-01 -7.896395346744996546e-01 -3.553369046527642128e-02 -8.792374703992350549e-02 -9.602567657969970361e-01
6.588327878096604806e-01 -5.890547477739914717e-01 4.229518430958492670e-01 9.591311628514651577e-01 -9.317983859136151903e-01 3.753694747227402928e-01 -1.499862449918943075e-01 -7.454458898002139788e-01
7.608911121322174953e-01 6.851572945966836192e-01 -6.206638245454765279e-01 1.105782293352582490e+00 -4.476925235211318133e-01 -8.749099535343629608e-01 3.074652359343909569e-01 -9.160296344149030379e-01
-6.212894454544466427e-01 9.231531644229867828e-01 -7.325228558312868454e-01 -8.257781609808080292e-01 7.085972507211717453e-01 -4.429846066054105025e-01 6.452150505645619649e-01 3.456096031632317489e-01
-3.193297980621988552e-01 -8.968498241455800102e-01 8.018578421622510888e-01 -2.176656090867939430e-01 5.769424718569080568e-01 8.535027465905924426e-01 -1.059470515956960401e+00 2.610126866417815661e-01
-6.648720174582058995e-01 -1.208230961318008390e-01 -1.056649882007595909e-01 -1.012390395700771606e+00 1.077899440363659700e+00 3.031841127077943288e-01 -3.073624347046942651e-01 8.300293791247780328e-01
-7.932780120982322325e-01 -1.101818943538930284e-01 3.440446317822952738e-01 -9.838063003547120600e-01 1.004481240238160877e+00 2.725134662576958466e-01 -5.552478599222238076e-01 8.214747284509091863e-01
-1.044099451077289964e-01 8.772086559091136770e-01 -9.377410077016001821e-01 -2.281037587834408020e-01 2.092329127485006157e-01 -1.106873907442796678e+00 8.329180400608285906e-01 4.577690103171238589e-01
6.908629129840885286e-01 -2.634030632474122502e-01 5.345079411406394865e-01 9.253664779743989710e-01 -1.083212192671231477e+00 3.169207551484193308e-01 -1.421586614534966486e-01 -9.788841698754061627e-01
-1.087868238703109336e+00 -1.772952015934718961e-01 -1.409827065155595527e-01 -1.001534850431125889e+00 1.051802298457049201e+00 1.732956347868916946e-01 1.770486467616196047e-01 1.005534417237706091e+00
1.181866742735673936e+00 3.316128322693269459e-02 -1.404601993587607234e-01 1.091677726048632557e+00 -8.232638376776922895e-01 -2.237711826614753874e-01 -2.181427056992208124e-01 -9.010678266140899062e-01
-7.285491534651562517e-01 -5.271281766410730596e-02 -1.593326204182871075e-01 -1.066151299361475679e+00 1.164868867088128201e+00 1.548234340466392300e-01 -2.769870932046848422e-01 9.640406829789436305e-01
-9.063435231917376100e-01 -2.942015744757157242e-02 1.064789781463547358e-02 -1.118103492111913733e+00 9.430980454363547816e-01 3.007412425823318136e-01 -4.740242005925266594e-02 8.467824069771534568e-01
6.092405720622408316e-02 8.464775708779608276e-01 -9.637427521946038134e-01 1.482913625069536279e-01 -1.444838170000553035e-01 -1.031414098453668382e+00 1.047302511988434937e+00 3.664516506875400981e-02
-3.200151266954239238e-01 -9.685698913568282498e-01 9.093993581795800640e-01 -3.974117426006584242e-01 2.972749308468574658e-01 1.018545007838788985e+00 -8.866591623310136061e-01 3.474366261186975779e-01
4.751004336847179932e-01 8.896319242098308377e-01 -4.963020201896974903e-01 4.204630507182791632e-01 -7.801631033951750283e-01 -4.236574534771073708e-01 8.013646899001545254e-01 -8.864375214510026302e-01
-1.028943506497213889e+00 2.020171969472042972e-01 -2.131840872823983490e-01 -8.225437414132328318e-01 9.414750891859211546e-01 -2.346732526092440152e-01 3.006525045936910834e-01 8.551997970752726053e-01
4.303589266598921437e-02 8.778968176541362967e-01 -1.053945073718159708e+00 -2.012389933024134880e-01 2.234424539457393610e-01 -9.516709404318274279e-01 7.874667271064310636e-01 2.750131160801045915e-01
9.503887074392445289e-01 -2.562846056926142424e-01 -1.744142982488939425e-02 1.002581280410200115e+00 -1.118805661661665507e+00 1.578020953670394300e-01 1.858583840473103099e-01 -9.040987700846252473e-01
-1.102391966018815062e+00 -1.395458101626603498e-01 2.577370419765671050e-01 -8.042529821415973501e-01 9.697631505100439142e-01 -1.635362940140791810e-01 -1.251082264677959854e-01 1.107335086318336881e+00
6.263064652707840407e-01 8.050567077074586297e-01 -4.655061513756604263e-01 6.825731268046100197e-01 -7.447126770143440710e-01 -6.337002430350514581e-01 5.839123631192205677e-01 -8.539295914770171914e-01
1.352810775433109791e-01 -6.880371388232719987e-01 7.814045176535269199e-01 -3.018223576366930172e-01 5.272603137069457879e-02 1.178689600899961887e+00 -9.694116265675326582e-01 -1.888301044399969264e-01
8.301362165116387137e-01 -8.443398619766354085e-02 2.180530098368977654e-01 5.257799743784958846e-01 -8.338768396106549519e-01 6.225212813626335162e-01 -2.143123867378815550e-01 -1.063867269543465888e+00
7.755120496529666063e-01 -2.888208394065029661e-02 1.389324722333910023e-01 1.061879719945394873e+00 -1.168762939560768377e+00 -2.762162743151314048e-01 2.543184176744109903e-01 -7.567813616896131856e-01
-6.850915259957123249e-01 -7.944014827876382245e-01 3.683967142573608688e-01 -6.213314857808922564e-01 7.329150812515702329e-01 3.905000937794267934e-01 -4.162202695132188324e-01 1.025232874789103743e+00
-3.087079399708907435e-01 -1.058571373428228934e+00 6.027149514501057848e-01 -2.745004052975718034e-01 5.579385035391989378e-01 8.863433244009393253e-01 -8.519455150184139791e-01 4.467284543248613571e-01
-2.587227350726890585e-01 9.011359200433822769e-01 -8.730757363784533709e-01 2.830964938924780960e-01 8.227034428935038612e-02 -1.208261918027043080e+00 1.049528127161792002e+00 2.402950409118248531e-02
3.958161208007653087e-02 -6.886003059245934255e-01 8.865432796998609088e-01 5.391003791628167646e-02 -5.723321660332723881e-02 1.146336862190526773e+00 -8.688916751766101454e-01 -5.116465941822149199e-01
1.109537174502548407e+00 4.624509321573914145e-01 -7.510247008769429522e-01 8.646524795779491068e-01 -9.334827965738534683e-01 -6.203484561373697748e-01 5.749703229482480138e-01 -7.067549555979708575e-01
6.749655784652457413e-01 -8.509885682203133239e-01 4.991867974240289940e-01 6.193115454613460358e-01 -1.817805422741661237e-01 8.456886696752710098e-01 -9.923718336151083896e-01 -6.140116469163039437e-01
4.454056913450258892e-01 5.394594103376894045e-01 -9.455100063332750882e-01 7.664571162405180438e-01 -3.950245579847906918e-01 -9.406495799511043199e-01 8.951288729730397797e-01 -3.652669466271032395e-01
-8.629042927644804406e-01 -3.267222263762180612e-01 4.325145135835594123e-01 -7.789774330857319740e-01 8.740608078788689728e-01 1.630620049283775241e-01 -4.436710286979480555e-01 9.426376545335725110e-01
-9.892403965589443571e-01 -6.133701687934293989e-02 2.965704738565101972e-01 -9.078345710599484697e-01 9.353969057814942589e-01 9.129695109916075024e-02 -2.427269830790601546e-01 8.778746368401306732e-01
-7.829041566805303720e-01 7.082842187686138047e-01 -6.006911579169155191e-01 -4.340460686642543808e-01 3.044644976800657821e-01 -5.467096070757204718e-01 1.079130816917379887e+00 2.724714569713609924e-01
9.632598929925971776e-01 2.444954803012653610e-01 -1.453473465944222220e-01 9.488091115061643155e-01 -8.424764038883737483e-01 -1.455939347647099980e-01 2.456385749019881007e-02 -1.047710657042719706e+00
-4.533338583775729513e-01 9.530187090538797534e-01 -9.860766542830176062e-01 -5.557716636200068505e-01 6.029330952420142165e-01 -7.668798122978253140e-01 8.364774174185762856e-01 3.696327668639525221e-01
1.151492985391862511e+00 4.895062506489818444e-01 -5.496292303051064643e-01 9.823442611435126981e-01 -6.947244229974005592e-01 -3.886599669400291890e-01 9.286066791064442882e-02 -1.083190544852465464e+00
5.891918750679780992e-01 1.037946033765692500e+00 -1.094784369600740215e+00 4.302670217727639357e-01 -3.803139227043531023e-01 -8.706115342179394645e-01 8.859064172371151624e-01 -5.976015213205170262e-01
-3.073471901160760855e-01 -1.096603001152645307e+00 8.018549219346791102e-01 -5.146624481229059578e-01 4.257517028168217310e-01 9.803179178234898705e-01 -9.202594346354247001e-01 6.309475314520615052e-01
-7.975003225727677059e-01 -5.361845062637830006e-01 5.706939728365980624e-01 -6.538368962578059440e-01 1.097483994069066160e+00 4.018448096709158479e-01 -8.706776443328967385e-01 7.881765928506729857e-01
3.918145914085346404e-01 -7.569285851273204191e-01 9.057180199422516509e-01 1.964680619125659111e-01 -2.645729826932120554e-01 8.947047475877615286e-01 -1.032959628657574180e+00 -3.342442243730069928e-01
-9.323011481052397853e-01 -2.597621575246620851e-01 6.125852047380524468e-01 -9.664704529057871474e-01 8.136676630376858954e-01 4.473262252696217356e-01 -4.939517196704986124e-01 7.789063851608275524e-01
-6.936808030708013773e-01 -5.803833986294517633e-01 6.922383149749151698e-01 -8.154113441840991072e-01 8.605731007379471276e-01 7.995551344708380359e-01 -8.591306126420610312e-01 5.962396083427126126e-01
-6.964188880863008135e-01 -3.378472857888841219e-01 7.106935819942271637e-01 -1.024835866265640494e+00 4.860586637817772004e-01 7.581551213908408471e-01 -5.003333576897036616e-01 6.045280306636839907e-01
-8.364319176175014081e-03 7.620864002513728641e-01 -9.105490752959806144e-01 -2.481567714702018201e-02 -1.468704761338912035e-01 -9.333466668105998565e-01 1.065783870606046957e+00 1.960759437062470911e-01
-8.530002318972089714e-01 -2.196874824990929231e-01 9.732469044564884264e-02 -8.962550210884665525e-01 7.440215384491603023e-01 1.222736367719118727e-01 1.165400300239993747e-02 9.936688668156477000e-01
-1.145676780509369941e+00 -4.362266962694527628e-01 6.687869481154690154e-01 -1.048915741647962196e+00 6.416025836065082366e-01 4.885418699745466276e-01 -1.647127512126072002e-01 9.966005679428685538e-01
2.778364152780572471e-01 9.346742261537319685e-01 -1.153147090383861428e+00 -4.144765249478826741e-02 -4.163809062654200144e-02 -1.056952932539332313e+00 9.169487657323460716e-01 1.637263588803884728e-01
1.116259734463895814e+00 -1.192167568261085914e-01 -3.844943052974107989e-01 9.486535989925141132e-01 -8.051895337382515283e-01 1.558861505076594434e-01 7.342410457176654082e-02 -9.853229926740649791e-01
-1.066506075277708687e+00 5.799021454306337864e-01 -1.389057917178539714e-01 -9.732200484202134794e-01 8.842470207107326896e-01 -3.050929916045050927e-01 3.211648462848301078e-01 6.984108945940847857e-01
9.218152318468088025e-01 2.648085760747598827e-01 -2.538281795386185813e-01 7.108077815633020435e-01 -8.795617895589623592e-01 1.696418248586151201e-01 2.115747372507720825e-01 -1.145258182496677213e+00
9.111825496617633746e-01 1.386763031546920655e-01 -1.191987920464560868e-01 8.903628743143503499e-01 -9.968077700648095840e-01 1.797610916543344040e-01 2.048240124495024073e-01 -1.208800269123377014e+00
6.375648342668179813e-01 5.839332254910791775e-01 -7.334826751986833759e-01 5.681755399161484421e-01 -6.932920476278632282e-01 -8.354493354957359674e-01 7.892098885597287339e-01 -3.166594299114916522e-01
5.112525139818560049e-01 -9.855443333702926800e-01 8.763732087148693450e-01 4.215105995673368300e-01 -2.327660920572535430e-01 8.563754693529354034e-01 -1.154859630639471835e+00 -2.923417355499796089e-01
4.530726563168587795e-01 7.291921046116419669e-01 -1.039792217093220117e+00 4.223076443127488089e-01 -4.420767066190452454e-01 -9.275285276104094923e-01 1.028796267395406527e+00 -2.239712213139811725e-01
8.626191161750459413e-01 -4.760575641614866460e-01 2.910746845133416194e-01 1.042151709321210262e+00 -1.006166651144906998e+00 3.498401246379993501e-01 -1.475271495434806457e-01 -9.159342697977230774e-01
-1.185471538375044043e+00 4.028706714220032792e-01 -3.285745513628718362e-01 -7.730411422940299815e-01 7.817085459366728273e-01 -2.802743635201053740e-01 7.323375438012431626e-01 6.504448343921320763e-01
-5.533289321718770637e-01 -6.767152533963445293e-01 8.786517085703707819e-01 -7.146719716007257084e-01 4.633589366048824765e-01 9.321296511338763580e-01 -7.886817130033760836e-01 4.592575738631937687e-01
6.031332152172790284e-01 6.276856419308424195e-01 -3.813813384337599866e-01 8.119884796968777074e-01 -7.246173445716245221e-01 -1.013542479585759049e+00 5.028654677881054802e-01 -4.261316420419611894e-01
-3.940154643717042049e-01 9.142839403834965850e-01 -1.013373806435365454e+00 -5.318428028340593805e-01 5.412246893051051444e-01 -6.012524161945627110e-01 8.661645815019646255e-01 2.188112786451253955e-01
1.896352759557041190e-01 -1.094706123711227663e+00 9.306578306835953107e-01 1.734002418803468060e-02 -1.152460051972553079e-01 8.260566197491613361e-01 -1.005047101442044122e+00 2.513094797740316189e-01
-5.349958032948035624e-01 -7.226120643799944787e-01 7.400807751603324380e-01 -8.341484893456454497e-01 8.060389305650139669e-01 7.741004829671722653e-01 -1.011123902430542731e+00 7.826600707584676631e-01
-6.843076181177851769e-01 6.109482516351782966e-01 -7.294690303279809385e-01 -7.482743739000834449e-01 6.335191699180389158e-01 -5.690908024479691685e-01 7.802574785277273106e-01 7.064169247128744278e-01
-3.868588345838710474e-01 -9.537768776959505423e-01 9.881492191411316295e-01 -1.486539233206689015e-01 4.200150608305833755e-01 8.928828029726931792e-01 -1.021305445387843847e+00 2.095479980439262091e-01
-6.658959191998986560e-01 -7.166736015737920074e-01 6.096052729600200948e-01 -5.747093892669576931e-01 7.445043005356194454e-01 6.298661144483957974e-01 -6.882136542957408842e-01 6.615168763923539030e-01
6.901523807174898550e-01 4.719957203836106507e-01 -8.712335227645189306e-01 8.479801026080218129e-01 -6.717994817977206434e-01 -8.106327996094812027e-01 8.528806238447497190e-01 -5.093430233821512054e-01
5.074444243780112940e-01 1.041193516400147567e+00 -1.010155370099546257e+00 5.266561511874027213e-01 -2.894016010330482391e-01 -9.196853658903169082e-01 7.921125467545832022e-01 -6.481643016972333804e-01
2.575717892288461597e-01 9.097832886471739489e-01 -8.663923196677452143e-01 4.530301863264321605e-01 -1.955929588617135173e-01 -9.647079812636097929e-01 8.044134893006126275e-01 -3.981054937099963720e-01
-1.211184036883502291e+00 -1.155386633608368463e-01 2.112650134789246237e-01 -8.354446266033805912e-01 9.537155920028704825e-01 1.420515095997742505e-01 4.620343140170722618e-02 8.089317803644431315e-01
1.073720184809398903e+00 -5.248437417997147136e-01 2.580037374045515697e-01 9.003405542911293580e-01 -8.557795070102371948e-01 5.075495690442898278e-01 -4.759444152037132780e-01 -8.830463815357045831e-01
1.126927000617976571e+00 3.214842750214711442e-01 -3.666068243134268378e-01 9.276562055809876028e-01 -9.515486921180504876e-01 -3.382182770010975226e-01 1.912285158135008378e-01 -9.109222036013612245e-01
-8.117903063006381981e-01 -2.117361855252464509e-01 -4.326532252137532675e-02 -1.148154947496212719e+00 9.683592665718905312e-01 6.237418989630538757e-01 -1.133036377498770064e-01 7.361492340584054883e-01
