6.576199519567309526e-01 -1.061270777334942794e+00 1.572857325134841555e-01 2.285235296607094124e+00 -3.972289329204259367e-01 -2.829860079237316861e-01 -4.176767515497891714e-01 -9.409785113484194774e-01
6.415390935237277326e-01 8.123334118216574140e-01 -1.511249403727292329e+00 7.412185920664737804e-01 -1.064961604185261201e+00 -7.604933379806552152e-01 1.934671914388825797e+00 -7.930586659074757572e-01
-7.299849994507443540e-01 1.575155132494633903e-01 -1.142321251485086897e+00 -3.337118206123305120e-01 9.583506806073422979e-01 -6.870329359267451919e-01 9.139555703284893973e-01 8.632292432896124801e-01
3.825858237919557148e-01 3.329604530822099506e-01 2.348060620085637706e-01 5.277068032860218194e-01 -1.551631397293761427e+00 -3.715379931968122440e-01 9.342395114932418032e-01 -4.891292631714195815e-01
7.202399286697228620e-01 5.775323413379966908e-01 -1.383361788570732553e+00 2.272264676431742236e-01 -3.456125454711811429e-02 -3.865568525755901375e-01 6.976831144481275837e-01 -4.182019564055807770e-01
-4.046377863679406772e-02 3.854343476757410292e-01 -4.086722457276962261e-01 3.589283233492154834e-02 -2.329183136638178220e-01 -1.312698859295565457e-01 6.820543380283080603e-01 -2.900572940811060318e-01
3.726721968716837363e-01 -8.053980969225587039e-01 1.089748984388027697e+00 -1.797069721229273553e-01 5.137774314791590524e-02 1.223962782404766525e+00 -1.513798924407627311e+00 -2.388577133592802992e-01
-1.130297753070124589e+00 -2.262547033656281958e-01 8.739647385286479497e-03 -2.049752437640269820e-01 1.452971306796394524e+00 4.303838211231877930e-02 -3.314132011115564214e-01 3.881915650173364263e-01
9.869338630234192333e-01 1.647201409484173595e-01 -3.348310427485318153e-01 7.356941460587460568e-01 -1.049281417145627948e+00 1.264464450900845693e-01 3.971785968707404746e-01 -1.026860732097248263e+00
-1.047889850601532391e+00 -4.460455517988248797e-01 1.501296211566474081e+00 1.802317475941018765e-01 6.250485631349509408e-01 6.614986783814053029e-01 -1.078454924099892409e+00 -3.956848741766827438e-01
-8.729943167932009418e-01 7.344286650395150939e-01 -1.392988695758576867e+00 -1.126350602027033521e+00 2.089302291049596416e+00 -2.790574206808685287e-01 1.766807215021815591e-01 6.709793576683868999e-01
-7.744391032063915326e-01 -6.710414491983396346e-01 9.661909980067022730e-01 -1.457512731796399619e+00 4.629183439530229482e-02 1.337467618555951088e+00 -2.380437291956131185e-01 7.910865624387881656e-01
-1.646826446346830730e-01 2.330445033923141729e+00 -1.295038010313304788e+00 -1.038544726330662415e+00 6.784644229483473010e-01 -1.421491572038345641e+00 7.812562319996405602e-01 1.295912644458661611e-01
8.920784641559320605e-01 -3.010214105884466695e-01 -1.329874952935543586e+00 1.225042597456710514e+00 -2.651587942622759542e-01 -3.568086365459397502e-01 7.029552830418873688e-01 -5.672125503223243159e-01
7.401642652725839433e-01 -1.023910133790517207e+00 4.564440701214816931e-02 3.552836588862738898e-01 -1.384540330226621818e-01 6.058474951570587130e-01 -6.473546392620699308e-01 6.277897974718477103e-02
4.203611911855977268e-01 7.595564478164442690e-01 -1.679529600014549207e+00 -3.617800518276689803e-01 2.572493513149106681e-01 -8.606661046364827428e-01 1.001919057514040645e+00 4.628897086477070655e-01
1.227995358143705751e+00 2.368494387754845332e-01 -1.494044854360748964e+00 -4.914377019635646215e-02 -4.716533317052628016e-01 -2.395270068108939499e-01 7.377028279223062368e-01 5.182133823176587883e-02
-3.223042920102893172e-01 -4.455231959599938452e-01 1.533251507705239547e+00 3.007426240680063922e-01 -3.892746747251489836e-01 7.686706407775869554e-01 -8.216725409698015792e-01 -6.238900688855997245e-01
8.281889960601291900e-01 6.182037220283929102e-01 -1.494848472439794129e+00 -9.091524571767214402e-01 2.394477529346155653e-01 8.694824187537493476e-02 4.272117234450494294e-01 2.040004932729536646e-01
6.731380187456560416e-01 3.113885087097812976e-01 1.587972751467133126e+00 7.939554414114522451e-01 -1.134644575731510230e+00 -5.441359451227235633e-01 -1.126466194481278826e+00 -5.612080049985100905e-01
