-5.763115359468170551e-01 -5.409039647215382329e-01 1.049656159187626336e+00 -5.409039647215381219e-01 3.843631254708017031e-01 9.483470312422892512e-01 -8.577077487116108179e-01 1.334608982007870204e-01
-5.848020132879754307e-01 -5.433001726122920205e-01 1.041426205810245031e+00 -5.433001726122919095e-01 3.945434859334661093e-01 9.366477285262714281e-01 -8.511676784557354880e-01 1.499526166983123354e-01
-5.932924906291336953e-01 -5.456963805030456971e-01 1.033196252432863504e+00 -5.456963805030455861e-01 4.047238463961305155e-01 9.249484258102536050e-01 -8.446276081998601581e-01 1.664443351958376505e-01
-6.017829679702920709e-01 -5.480925883937994847e-01 1.024966299055482200e+00 -5.480925883937993737e-01 4.149042068587949217e-01 9.132491230942357818e-01 -8.380875379439849393e-01 1.829360536933629655e-01
-6.102734453114504465e-01 -5.504887962845531613e-01 1.016736345678100895e+00 -5.504887962845530502e-01 4.250845673214592724e-01 9.015498203782179587e-01 -8.315474676881096094e-01 1.994277721908882806e-01
-6.187639226526088221e-01 -5.528850041753069489e-01 1.008506392300719590e+00 -5.528850041753068378e-01 4.352649277841236786e-01 8.898505176622000246e-01 -8.250073974322342796e-01 2.159194906884135956e-01
-6.272543999937670867e-01 -5.552812120660606254e-01 1.000276438923338063e+00 -5.552812120660606254e-01 4.454452882467880848e-01 8.781512149461823125e-01 -8.184673271763589497e-01 2.324112091859389106e-01
-6.357448773349254623e-01 -5.576774199568144130e-01 9.920464855459567577e-01 -5.576774199568143020e-01 4.556256487094524910e-01 8.664519122301643783e-01 -8.119272569204836199e-01 2.489029276834642257e-01
-6.442353546760838379e-01 -5.600736278475680896e-01 9.838165321685753417e-01 -5.600736278475680896e-01 4.658060091721168972e-01 8.547526095141465552e-01 -8.053871866646084010e-01 2.653946461809895130e-01
-6.527258320172422135e-01 -5.624698357383218772e-01 9.755865787911940368e-01 -5.624698357383217662e-01 4.759863696347812478e-01 8.430533067981287321e-01 -7.988471164087330711e-01 2.818863646785148558e-01
-6.612163093584004780e-01 -5.648660436290755538e-01 9.673566254138126208e-01 -5.648660436290755538e-01 4.861667300974457095e-01 8.313540040821109089e-01 -7.923070461528577413e-01 2.983780831760401986e-01
-6.697067866995588536e-01 -5.672622515198293414e-01 9.591266720364313159e-01 -5.672622515198293414e-01 4.963470905601100602e-01 8.196547013660930858e-01 -7.857669758969824114e-01 3.148698016735654859e-01
-6.781972640407172292e-01 -5.696584594105830179e-01 9.508967186590498999e-01 -5.696584594105830179e-01 5.065274510227744109e-01 8.079553986500752627e-01 -7.792269056411071926e-01 3.313615201710907732e-01
-6.866877413818754938e-01 -5.720546673013368055e-01 9.426667652816684839e-01 -5.720546673013368055e-01 5.167078114854388726e-01 7.962560959340574396e-01 -7.726868353852318627e-01 3.478532386686161160e-01
-6.951782187230338694e-01 -5.744508751920905931e-01 9.344368119042871790e-01 -5.744508751920904821e-01 5.268881719481033343e-01 7.845567932180396165e-01 -7.661467651293565329e-01 3.643449571661414588e-01
-7.036686960641922450e-01 -5.768470830828442697e-01 9.262068585269057630e-01 -5.768470830828442697e-01 5.370685324107676850e-01 7.728574905020217933e-01 -7.596066948734812030e-01 3.808366756636667461e-01
-7.121591734053505096e-01 -5.792432909735980573e-01 9.179769051495243470e-01 -5.792432909735979463e-01 5.472488928734320357e-01 7.611581877860038592e-01 -7.530666246176058731e-01 3.973283941611920334e-01
-7.206496507465088852e-01 -5.816394988643517339e-01 9.097469517721430421e-01 -5.816394988643517339e-01 5.574292533360964974e-01 7.494588850699861471e-01 -7.465265543617305433e-01 4.138201126587173206e-01
-7.291401280876672608e-01 -5.840357067551055215e-01 9.015169983947616261e-01 -5.840357067551055215e-01 5.676096137987608481e-01 7.377595823539682129e-01 -7.399864841058553244e-01 4.303118311562427190e-01
-7.376306054288256364e-01 -5.864319146458591980e-01 8.932870450173803212e-01 -5.864319146458591980e-01 5.777899742614251988e-01 7.260602796379503898e-01 -7.334464138499799946e-01 4.468035496537680062e-01
-7.461210827699840120e-01 -5.888281225366129856e-01 8.850570916399989052e-01 -5.888281225366129856e-01 5.879703347240896605e-01 7.143609769219325667e-01 -7.269063435941046647e-01 4.632952681512932935e-01
-7.546115601111422766e-01 -5.912243304273666622e-01 8.768271382626176003e-01 -5.912243304273666622e-01 5.981506951867540112e-01 7.026616742059147436e-01 -7.203662733382293348e-01 4.797869866488185808e-01
-7.631020374523006522e-01 -5.936205383181204498e-01 8.685971848852361843e-01 -5.936205383181204498e-01 6.083310556494184729e-01 6.909623714898969205e-01 -7.138262030823541160e-01 4.962787051463439791e-01
-7.715925147934590278e-01 -5.960167462088741264e-01 8.603672315078547683e-01 -5.960167462088742374e-01 6.185114161120828236e-01 6.792630687738790973e-01 -7.072861328264787861e-01 5.127704236438692664e-01
-7.800829921346172924e-01 -5.984129540996279140e-01 8.521372781304734634e-01 -5.984129540996279140e-01 6.286917765747472853e-01 6.675637660578612742e-01 -7.007460625706034563e-01 5.292621421413945537e-01
-7.885734694757756680e-01 -6.008091619903817016e-01 8.439073247530920474e-01 -6.008091619903817016e-01 6.388721370374116360e-01 6.558644633418433401e-01 -6.942059923147281264e-01 5.457538606389198410e-01
-7.970639468169340436e-01 -6.032053698811353781e-01 8.356773713757106314e-01 -6.032053698811353781e-01 6.490524975000759866e-01 6.441651606258256280e-01 -6.876659220588527965e-01 5.622455791364452393e-01
-8.055544241580923082e-01 -6.056015777718890547e-01 8.274474179983293265e-01 -6.056015777718891657e-01 6.592328579627404483e-01 6.324658579098076938e-01 -6.811258518029774667e-01 5.787372976339705266e-01
-8.140449014992506838e-01 -6.079977856626428423e-01 8.192174646209480215e-01 -6.079977856626428423e-01 6.694132184254049101e-01 6.207665551937899817e-01 -6.745857815471022478e-01 5.952290161314958139e-01
-8.225353788404090594e-01 -6.103939935533966299e-01 8.109875112435666056e-01 -6.103939935533966299e-01 6.795935788880691497e-01 6.090672524777720476e-01 -6.680457112912269180e-01 6.117207346290211012e-01
-8.310258561815673239e-01 -6.127902014441503065e-01 8.027575578661851896e-01 -6.127902014441504175e-01 6.897739393507336114e-01 5.973679497617542244e-01 -6.615056410353515881e-01 6.282124531265464995e-01
-8.395163335227258106e-01 -6.151864093349040941e-01 7.945276044888038847e-01 -6.151864093349040941e-01 6.999542998133980731e-01 5.856686470457364013e-01 -6.549655707794762582e-01 6.447041716240717868e-01
-8.480068108638840751e-01 -6.175826172256577706e-01 7.862976511114224687e-01 -6.175826172256578817e-01 7.101346602760624238e-01 5.739693443297185782e-01 -6.484255005236010394e-01 6.611958901215970741e-01
-8.564972882050423397e-01 -6.199788251164115582e-01 7.780676977340410527e-01 -6.199788251164115582e-01 7.203150207387267745e-01 5.622700416137007551e-01 -6.418854302677257095e-01 6.776876086191223614e-01
-8.649877655462008263e-01 -6.223750330071652348e-01 7.698377443566597478e-01 -6.223750330071653458e-01 7.304953812013912362e-01 5.505707388976829320e-01 -6.353453600118503797e-01 6.941793271166476487e-01
-8.734782428873590909e-01 -6.247712408979190224e-01 7.616077909792783318e-01 -6.247712408979191334e-01 7.406757416640556979e-01 5.388714361816651088e-01 -6.288052897559750498e-01 7.106710456141730470e-01
-8.819687202285174665e-01 -6.271674487886726990e-01 7.533778376018969158e-01 -6.271674487886728100e-01 7.508561021267199376e-01 5.271721334656471747e-01 -6.222652195000997200e-01 7.271627641116983343e-01
-8.904591975696758421e-01 -6.295636566794264866e-01 7.451478842245156109e-01 -6.295636566794265976e-01 7.610364625893843993e-01 5.154728307496294626e-01 -6.157251492442243901e-01 7.436544826092236216e-01
-8.989496749108341067e-01 -6.319598645701802742e-01 7.369179308471343059e-01 -6.319598645701802742e-01 7.712168230520488610e-01 5.037735280336115284e-01 -6.091850789883491712e-01 7.601462011067490199e-01
-9.074401522519924823e-01 -6.343560724609339507e-01 7.286879774697528900e-01 -6.343560724609340618e-01 7.813971835147132117e-01 4.920742253175937608e-01 -6.026450087324738414e-01 7.766379196042743072e-01
