-5.763115359468170551e-01 -5.409039647215382329e-01 1.049656159187626336e+00 -5.409039647215381219e-01 3.843631254708017031e-01 9.483470312422892512e-01 -8.577077487116108179e-01 1.334608982007870204e-01
-5.830442408682243727e-01 -5.415336182393194475e-01 1.049005595010323644e+00 -5.415336182393193365e-01 3.944707495869794189e-01 9.412931821067559435e-01 -8.604321037290785235e-01 1.417740543718828128e-01
-5.897769457896318013e-01 -5.421632717571006621e-01 1.048355030833020951e+00 -5.421632717571005511e-01 4.045783737031571348e-01 9.342393329712226357e-01 -8.631564587465461180e-01 1.500872105429785774e-01
-5.965096507110391189e-01 -5.427929252748818767e-01 1.047704466655718258e+00 -5.427929252748817657e-01 4.146859978193347951e-01 9.271854838356892170e-01 -8.658808137640138236e-01 1.584003667140743699e-01
-6.032423556324464364e-01 -5.434225787926630913e-01 1.047053902478415566e+00 -5.434225787926629803e-01 4.247936219355125109e-01 9.201316347001559093e-01 -8.686051687814815292e-01 1.667135228851701623e-01
-6.099750605538538650e-01 -5.440522323104443059e-01 1.046403338301112873e+00 -5.440522323104441949e-01 4.349012460516902268e-01 9.130777855646226016e-01 -8.713295237989491238e-01 1.750266790562659269e-01
-6.167077654752611826e-01 -5.446818858282255205e-01 1.045752774123810180e+00 -5.446818858282254094e-01 4.450088701678679426e-01 9.060239364290892938e-01 -8.740538788164168293e-01 1.833398352273617193e-01
-6.234404703966685002e-01 -5.453115393460067351e-01 1.045102209946507488e+00 -5.453115393460067351e-01 4.551164942840456584e-01 8.989700872935559861e-01 -8.767782338338845349e-01 1.916529913984574840e-01
-6.301731753180759288e-01 -5.459411928637879496e-01 1.044451645769204795e+00 -5.459411928637879496e-01 4.652241184002233743e-01 8.919162381580225674e-01 -8.795025888513521295e-01 1.999661475695532764e-01
-6.369058802394832464e-01 -5.465708463815692753e-01 1.043801081591902102e+00 -5.465708463815691642e-01 4.753317425164010901e-01 8.848623890224892596e-01 -8.822269438688198351e-01 2.082793037406490688e-01
-6.436385851608905639e-01 -5.472004998993504898e-01 1.043150517414599410e+00 -5.472004998993503788e-01 4.854393666325788059e-01 8.778085398869559519e-01 -8.849512988862875407e-01 2.165924599117448335e-01
-6.503712900822979925e-01 -5.478301534171317044e-01 1.042499953237296717e+00 -5.478301534171315934e-01 4.955469907487564662e-01 8.707546907514226442e-01 -8.876756539037551352e-01 2.249056160828406259e-01
-6.571039950037053101e-01 -5.484598069349129190e-01 1.041849389059994024e+00 -5.484598069349128080e-01 5.056546148649341266e-01 8.637008416158893365e-01 -8.904000089212228408e-01 2.332187722539363905e-01
-6.638366999251126277e-01 -5.490894604526941336e-01 1.041198824882691332e+00 -5.490894604526940226e-01 5.157622389811118424e-01 8.566469924803559177e-01 -8.931243639386905464e-01 2.415319284250321830e-01
-6.705694048465200563e-01 -5.497191139704753482e-01 1.040548260705388639e+00 -5.497191139704752372e-01 5.258698630972895582e-01 8.495931433448226100e-01 -8.958487189561581410e-01 2.498450845961279754e-01
-6.773021097679273739e-01 -5.503487674882565628e-01 1.039897696528085946e+00 -5.503487674882564518e-01 5.359774872134672741e-01 8.425392942092893023e-01 -8.985730739736258466e-01 2.581582407672237678e-01
-6.840348146893346915e-01 -5.509784210060377774e-01 1.039247132350783254e+00 -5.509784210060376664e-01 5.460851113296449899e-01 8.354854450737559945e-01 -9.012974289910935521e-01 2.664713969383195602e-01
-6.907675196107421201e-01 -5.516080745238189920e-01 1.038596568173480561e+00 -5.516080745238188809e-01 5.561927354458227057e-01 8.284315959382226868e-01 -9.040217840085611467e-01 2.747845531094152971e-01
-6.975002245321494376e-01 -5.522377280416002066e-01 1.037946003996177868e+00 -5.522377280416000955e-01 5.663003595620004216e-01 8.213777468026892681e-01 -9.067461390260288523e-01 2.830977092805110895e-01
-7.042329294535567552e-01 -5.528673815593814211e-01 1.037295439818875176e+00 -5.528673815593814211e-01 5.764079836781781374e-01 8.143238976671559604e-01 -9.094704940434965579e-01 2.914108654516068819e-01
-7.109656343749641838e-01 -5.534970350771626357e-01 1.036644875641572483e+00 -5.534970350771626357e-01 5.865156077943558532e-01 8.072700485316226526e-01 -9.121948490609641524e-01 2.997240216227026188e-01
-7.176983392963715014e-01 -5.541266885949438503e-01 1.035994311464269790e+00 -5.541266885949438503e-01 5.966232319105335691e-01 8.002161993960893449e-01 -9.149192040784318580e-01 3.080371777937984668e-01
-7.244310442177788190e-01 -5.547563421127250649e-01 1.035343747286967098e+00 -5.547563421127250649e-01 6.067308560267112849e-01 7.931623502605560372e-01 -9.176435590958995636e-01 3.163503339648942037e-01
-7.311637491391862476e-01 -5.553859956305062795e-01 1.034693183109664405e+00 -5.553859956305062795e-01 6.168384801428890007e-01 7.861085011250226184e-01 -9.203679141133671582e-01 3.246634901359899961e-01
-7.378964540605935651e-01 -5.560156491482874941e-01 1.034042618932361712e+00 -5.560156491482874941e-01 6.269461042590667166e-01 7.790546519894893107e-01 -9.230922691308348638e-01 3.329766463070857885e-01
-7.446291589820008827e-01 -5.566453026660688197e-01 1.033392054755059242e+00 -5.566453026660687087e-01 6.370537283752444324e-01 7.720008028539560030e-01 -9.258166241483025694e-01 3.412898024781815809e-01
-7.513618639034083113e-01 -5.572749561838500343e-01 1.032741490577756549e+00 -5.572749561838499233e-01 6.471613524914221482e-01 7.649469537184226953e-01 -9.285409791657701639e-01 3.496029586492773733e-01
-7.580945688248156289e-01 -5.579046097016312489e-01 1.032090926400453856e+00 -5.579046097016311379e-01 6.572689766075998641e-01 7.578931045828893875e-01 -9.312653341832378695e-01 3.579161148203731102e-01
-7.648272737462229465e-01 -5.585342632194124635e-01 1.031440362223151164e+00 -5.585342632194123524e-01 6.673766007237775799e-01 7.508392554473559688e-01 -9.339896892007055751e-01 3.662292709914689581e-01
-7.715599786676303751e-01 -5.591639167371936781e-01 1.030789798045848471e+00 -5.591639167371935670e-01 6.774842248399551847e-01 7.437854063118226611e-01 -9.367140442181731697e-01 3.745424271625646950e-01
-7.782926835890376926e-01 -5.597935702549748926e-01 1.030139233868545778e+00 -5.597935702549747816e-01 6.875918489561329006e-01 7.367315571762893534e-01 -9.394383992356408752e-01 3.828555833336604874e-01
-7.850253885104451212e-01 -5.604232237727561072e-01 1.029488669691243086e+00 -5.604232237727561072e-01 6.976994730723106164e-01 7.296777080407560456e-01 -9.421627542531085808e-01 3.911687395047562799e-01
-7.917580934318524388e-01 -5.610528772905373218e-01 1.028838105513940393e+00 -5.610528772905373218e-01 7.078070971884883322e-01 7.226238589052227379e-01 -9.448871092705761754e-01 3.994818956758520168e-01
-7.984907983532597564e-01 -5.616825308083185364e-01 1.028187541336637700e+00 -5.616825308083185364e-01 7.179147213046660481e-01 7.155700097696893192e-01 -9.476114642880438810e-01 4.077950518469478647e-01
-8.052235032746671850e-01 -5.623121843260997510e-01 1.027536977159335008e+00 -5.623121843260997510e-01 7.280223454208437639e-01 7.085161606341560114e-01 -9.503358193055115866e-01 4.161082080180436016e-01
-8.119562081960745026e-01 -5.629418378438809656e-01 1.026886412982032315e+00 -5.629418378438809656e-01 7.381299695370214797e-01 7.014623114986227037e-01 -9.530601743229791811e-01 4.244213641891393385e-01
-8.186889131174819312e-01 -5.635714913616621802e-01 1.026235848804729622e+00 -5.635714913616621802e-01 7.482375936531990845e-01 6.944084623630892850e-01 -9.557845293404468867e-01 4.327345203602351864e-01
-8.254216180388892488e-01 -5.642011448794433948e-01 1.025585284627426930e+00 -5.642011448794433948e-01 7.583452177693768004e-01 6.873546132275560883e-01 -9.585088843579145923e-01 4.410476765313309233e-01
-8.321543229602965663e-01 -5.648307983972246094e-01 1.024934720450124237e+00 -5.648307983972246094e-01 7.684528418855545162e-01 6.803007640920226695e-01 -9.612332393753821869e-01 4.493608327024267712e-01
-8.388870278817039949e-01 -5.654604519150058239e-01 1.024284156272821544e+00 -5.654604519150058239e-01 7.785604660017322320e-01 6.732469149564893618e-01 -9.639575943928498925e-01 4.576739888735225081e-01
-8.456197328031113125e-01 -5.660901054327870385e-01 1.023633592095518852e+00 -5.660901054327870385e-01 7.886680901179099479e-01 6.661930658209560541e-01 -9.666819494103175980e-01 4.659871450446182450e-01
-8.523524377245186301e-01 -5.667197589505683641e-01 1.022983027918216159e+00 -5.667197589505682531e-01 7.987757142340876637e-01 6.591392166854226353e-01 -9.694063044277851926e-01 4.743003012157140930e-01
-8.590851426459260587e-01 -5.673494124683495787e-01 1.022332463740913466e+00 -5.673494124683494677e-01 8.088833383502653795e-01 6.520853675498894386e-01 -9.721306594452528982e-01 4.826134573868098299e-01
-8.658178475673333763e-01 -5.679790659861307933e-01 1.021681899563610774e+00 -5.679790659861307933e-01 8.189909624664430954e-01 6.450315184143560199e-01 -9.748550144627206038e-01 4.909266135579056778e-01
-8.725505524887406938e-01 -5.686087195039120079e-01 1.021031335386308081e+00 -5.686087195039120079e-01 8.290985865826208112e-01 6.379776692788227122e-01 -9.775793694801881983e-01 4.992397697290014147e-01
-8.792832574101481224e-01 -5.692383730216932225e-01 1.020380771209005388e+00 -5.692383730216932225e-01 8.392062106987985270e-01 6.309238201432894044e-01 -9.803037244976559039e-01 5.075529259000972626e-01
-8.860159623315554400e-01 -5.698680265394744371e-01 1.019730207031702696e+00 -5.698680265394744371e-01 8.493138348149762429e-01 6.238699710077559857e-01 -9.830280795151236095e-01 5.158660820711929995e-01
-8.927486672529627576e-01 -5.704976800572556517e-01 1.019079642854400003e+00 -5.704976800572556517e-01 8.594214589311539587e-01 6.168161218722227890e-01 -9.857524345325912041e-01 5.241792382422887364e-01
-8.994813721743701862e-01 -5.711273335750368663e-01 1.018429078677097310e+00 -5.711273335750368663e-01 8.695290830473316745e-01 6.097622727366893702e-01 -9.884767895500589097e-01 5.324923944133845843e-01
-9.062140770957775038e-01 -5.717569870928180809e-01 1.017778514499794618e+00 -5.717569870928180809e-01 8.796367071635093904e-01 6.027084236011560625e-01 -9.912011445675266152e-01 5.408055505844803212e-01
