-5.763115359468170551e-01 -5.409039647215382329e-01 1.049656159187626336e+00 -5.409039647215381219e-01 3.843631254708017031e-01 9.483470312422892512e-01 -8.577077487116108179e-01 1.334608982007870204e-01
-5.796562694448491593e-01 -5.418479254057745331e-01 1.046414056341991250e+00 -5.418479254057744221e-01 3.883735705015483042e-01 9.437382150208276643e-01 -8.551313573986902838e-01 1.399576357907212354e-01
-5.830010029428811524e-01 -5.427918860900108333e-01 1.043171953496356164e+00 -5.427918860900107223e-01 3.923840155322948497e-01 9.391293987993660775e-01 -8.525549660857696388e-01 1.464543733806554504e-01
-5.863457364409132566e-01 -5.437358467742472445e-01 1.039929850650721077e+00 -5.437358467742471335e-01 3.963944605630414508e-01 9.345205825779044906e-01 -8.499785747728491048e-01 1.529511109705896654e-01
-5.896904699389453608e-01 -5.446798074584835447e-01 1.036687747805085991e+00 -5.446798074584834337e-01 4.004049055937880519e-01 9.299117663564430147e-01 -8.474021834599285707e-01 1.594478485605238804e-01
-5.930352034369774650e-01 -5.456237681427198449e-01 1.033445644959450904e+00 -5.456237681427197339e-01 4.044153506245345975e-01 9.253029501349814279e-01 -8.448257921470079257e-01 1.659445861504580955e-01
-5.963799369350094581e-01 -5.465677288269561451e-01 1.030203542113815818e+00 -5.465677288269560341e-01 4.084257956552811986e-01 9.206941339135198410e-01 -8.422494008340873917e-01 1.724413237403923105e-01
-5.997246704330415623e-01 -5.475116895111924453e-01 1.026961439268180731e+00 -5.475116895111923343e-01 4.124362406860277996e-01 9.160853176920582541e-01 -8.396730095211667466e-01 1.789380613303265255e-01
-6.030694039310736665e-01 -5.484556501954287455e-01 1.023719336422545645e+00 -5.484556501954287455e-01 4.164466857167743452e-01 9.114765014705966673e-01 -8.370966182082462126e-01 1.854347989202607405e-01
-6.064141374291057707e-01 -5.493996108796651567e-01 1.020477233576910558e+00 -5.493996108796650457e-01 4.204571307475209463e-01 9.068676852491350804e-01 -8.345202268953256786e-01 1.919315365101949555e-01
-6.097588709271377638e-01 -5.503435715639014569e-01 1.017235130731275472e+00 -5.503435715639013459e-01 4.244675757782674919e-01 9.022588690276736045e-01 -8.319438355824050335e-01 1.984282741001291706e-01
-6.131036044251698680e-01 -5.512875322481377571e-01 1.013993027885640386e+00 -5.512875322481376461e-01 4.284780208090140929e-01 8.976500528062120177e-01 -8.293674442694844995e-01 2.049250116900633856e-01
-6.164483379232019722e-01 -5.522314929323740573e-01 1.010750925040005299e+00 -5.522314929323739463e-01 4.324884658397606940e-01 8.930412365847504308e-01 -8.267910529565638544e-01 2.114217492799976006e-01
-6.197930714212340764e-01 -5.531754536166103575e-01 1.007508822194370213e+00 -5.531754536166103575e-01 4.364989108705072396e-01 8.884324203632888439e-01 -8.242146616436433204e-01 2.179184868699318156e-01
-6.231378049192660695e-01 -5.541194143008467687e-01 1.004266719348735126e+00 -5.541194143008466577e-01 4.405093559012538407e-01 8.838236041418272571e-01 -8.216382703307227864e-01 2.244152244598660306e-01
-6.264825384172981737e-01 -5.550633749850830689e-01 1.001024616503100040e+00 -5.550633749850829579e-01 4.445198009320004418e-01 8.792147879203656702e-01 -8.190618790178021413e-01 2.309119620498002456e-01
-6.298272719153302779e-01 -5.560073356693193691e-01 9.977825136574649534e-01 -5.560073356693192581e-01 4.485302459627469873e-01 8.746059716989040833e-01 -8.164854877048816073e-01 2.374086996397344607e-01
-6.331720054133623821e-01 -5.569512963535556693e-01 9.945404108118298669e-01 -5.569512963535555583e-01 4.525406909934935884e-01 8.699971554774426075e-01 -8.139090963919610733e-01 2.439054372296686757e-01
-6.365167389113943752e-01 -5.578952570377919695e-01 9.912983079661947805e-01 -5.578952570377919695e-01 4.565511360242401340e-01 8.653883392559810206e-01 -8.113327050790404282e-01 2.504021748196029185e-01
-6.398614724094264794e-01 -5.588392177220282697e-01 9.880562051205596941e-01 -5.588392177220282697e-01 4.605615810549867351e-01 8.607795230345194337e-01 -8.087563137661198942e-01 2.568989124095371057e-01
-6.432062059074585836e-01 -5.597831784062646809e-01 9.848141022749246076e-01 -5.597831784062645699e-01 4.645720260857333361e-01 8.561707068130578469e-01 -8.061799224531993602e-01 2.633956499994712930e-01
-6.465509394054906878e-01 -5.607271390905009811e-01 9.815719994292895212e-01 -5.607271390905008701e-01 4.685824711164798817e-01 8.515618905915962600e-01 -8.036035311402787151e-01 2.698923875894055358e-01
-6.498956729035226809e-01 -5.616710997747372813e-01 9.783298965836544347e-01 -5.616710997747371703e-01 4.725929161472264828e-01 8.469530743701346731e-01 -8.010271398273581811e-01 2.763891251793397785e-01
-6.532404064015547851e-01 -5.626150604589735815e-01 9.750877937380193483e-01 -5.626150604589735815e-01 4.766033611779730839e-01 8.423442581486730862e-01 -7.984507485144375361e-01 2.828858627692739658e-01
-6.565851398995868893e-01 -5.635590211432098817e-01 9.718456908923842619e-01 -5.635590211432098817e-01 4.806138062087196294e-01 8.377354419272116104e-01 -7.958743572015170020e-01 2.893826003592081531e-01
-6.599298733976188824e-01 -5.645029818274462929e-01 9.686035880467491754e-01 -5.645029818274461819e-01 4.846242512394662305e-01 8.331266257057500235e-01 -7.932979658885964680e-01 2.958793379491423958e-01
-6.632746068956509866e-01 -5.654469425116825931e-01 9.653614852011140890e-01 -5.654469425116824821e-01 4.886346962702128316e-01 8.285178094842884366e-01 -7.907215745756758229e-01 3.023760755390766386e-01
-6.666193403936830908e-01 -5.663909031959188933e-01 9.621193823554790026e-01 -5.663909031959187823e-01 4.926451413009593772e-01 8.239089932628268498e-01 -7.881451832627552889e-01 3.088728131290108259e-01
-6.699640738917151950e-01 -5.673348638801551935e-01 9.588772795098439161e-01 -5.673348638801551935e-01 4.966555863317059782e-01 8.193001770413652629e-01 -7.855687919498346439e-01 3.153695507189450131e-01
-6.733088073897471881e-01 -5.682788245643914937e-01 9.556351766642088297e-01 -5.682788245643914937e-01 5.006660313624525793e-01 8.146913608199036760e-01 -7.829924006369141098e-01 3.218662883088792559e-01
-6.766535408877792923e-01 -5.692227852486277939e-01 9.523930738185737432e-01 -5.692227852486277939e-01 5.046764763931991249e-01 8.100825445984420892e-01 -7.804160093239935758e-01 3.283630258988134987e-01
-6.799982743858113965e-01 -5.701667459328642051e-01 9.491509709729386568e-01 -5.701667459328640941e-01 5.086869214239456705e-01 8.054737283769806133e-01 -7.778396180110729308e-01 3.348597634887476859e-01
-6.833430078838435007e-01 -5.711107066171005053e-01 9.459088681273035704e-01 -5.711107066171003943e-01 5.126973664546923271e-01 8.008649121555190264e-01 -7.752632266981523967e-01 3.413565010786818732e-01
-6.866877413818754938e-01 -5.720546673013368055e-01 9.426667652816684839e-01 -5.720546673013368055e-01 5.167078114854388726e-01 7.962560959340574396e-01 -7.726868353852318627e-01 3.478532386686161160e-01
-6.900324748799075980e-01 -5.729986279855731057e-01 9.394246624360333975e-01 -5.729986279855731057e-01 5.207182565161854182e-01 7.916472797125958527e-01 -7.701104440723112177e-01 3.543499762585503587e-01
-6.933772083779397022e-01 -5.739425886698094059e-01 9.361825595903983110e-01 -5.739425886698094059e-01 5.247287015469320748e-01 7.870384634911342658e-01 -7.675340527593906836e-01 3.608467138484845460e-01
-6.967219418759718064e-01 -5.748865493540458171e-01 9.329404567447632246e-01 -5.748865493540457061e-01 5.287391465776786204e-01 7.824296472696726790e-01 -7.649576614464701496e-01 3.673434514384187333e-01
-7.000666753740037995e-01 -5.758305100382821173e-01 9.296983538991281382e-01 -5.758305100382821173e-01 5.327495916084251659e-01 7.778208310482110921e-01 -7.623812701335495046e-01 3.738401890283529760e-01
-7.034114088720359037e-01 -5.767744707225184175e-01 9.264562510534930517e-01 -5.767744707225184175e-01 5.367600366391718225e-01 7.732120148267496162e-01 -7.598048788206289705e-01 3.803369266182872188e-01
-7.067561423700680079e-01 -5.777184314067547177e-01 9.232141482078579653e-01 -5.777184314067547177e-01 5.407704816699183681e-01 7.686031986052880294e-01 -7.572284875077083255e-01 3.868336642082214061e-01
-7.101008758681000010e-01 -5.786623920909910179e-01 9.199720453622228789e-01 -5.786623920909910179e-01 5.447809267006649137e-01 7.639943823838264425e-01 -7.546520961947877915e-01 3.933304017981555933e-01
-7.134456093661321052e-01 -5.796063527752273181e-01 9.167299425165877924e-01 -5.796063527752273181e-01 5.487913717314115702e-01 7.593855661623648556e-01 -7.520757048818672574e-01 3.998271393880897806e-01
-7.167903428641642094e-01 -5.805503134594637293e-01 9.134878396709527060e-01 -5.805503134594636183e-01 5.528018167621581158e-01 7.547767499409032688e-01 -7.494993135689466124e-01 4.063238769780240789e-01
-7.201350763621963136e-01 -5.814942741437000295e-01 9.102457368253176195e-01 -5.814942741437000295e-01 5.568122617929046614e-01 7.501679337194417929e-01 -7.469229222560260784e-01 4.128206145679582662e-01
-7.234798098602284178e-01 -5.824382348279363297e-01 9.070036339796825331e-01 -5.824382348279363297e-01 5.608227068236513180e-01 7.455591174979800950e-01 -7.443465309431054333e-01 4.193173521578924534e-01
-7.268245433582604109e-01 -5.833821955121726299e-01 9.037615311340474467e-01 -5.833821955121726299e-01 5.648331518543978635e-01 7.409503012765186192e-01 -7.417701396301848993e-01 4.258140897478266407e-01
-7.301692768562925151e-01 -5.843261561964089301e-01 9.005194282884123602e-01 -5.843261561964089301e-01 5.688435968851444091e-01 7.363414850550570323e-01 -7.391937483172643653e-01 4.323108273377609390e-01
-7.335140103543246193e-01 -5.852701168806453413e-01 8.972773254427772738e-01 -5.852701168806453413e-01 5.728540419158909547e-01 7.317326688335954454e-01 -7.366173570043437202e-01 4.388075649276951262e-01
-7.368587438523566124e-01 -5.862140775648816415e-01 8.940352225971421873e-01 -5.862140775648816415e-01 5.768644869466376113e-01 7.271238526121338586e-01 -7.340409656914231862e-01 4.453043025176293135e-01
-7.402034773503887166e-01 -5.871580382491179417e-01 8.907931197515071009e-01 -5.871580382491179417e-01 5.808749319773841568e-01 7.225150363906722717e-01 -7.314645743785026522e-01 4.518010401075635007e-01
-7.435482108484208208e-01 -5.881019989333542419e-01 8.875510169058720145e-01 -5.881019989333542419e-01 5.848853770081308134e-01 7.179062201692107958e-01 -7.288881830655820071e-01 4.582977776974977990e-01
-7.468929443464529250e-01 -5.890459596175905421e-01 8.843089140602369280e-01 -5.890459596175905421e-01 5.888958220388773590e-01 7.132974039477490980e-01 -7.263117917526614731e-01 4.647945152874319863e-01
-7.502376778444850292e-01 -5.899899203018268423e-01 8.810668112146018416e-01 -5.899899203018268423e-01 5.929062670696239046e-01 7.086885877262876221e-01 -7.237354004397409390e-01 4.712912528773661736e-01
-7.535824113425170223e-01 -5.909338809860632535e-01 8.778247083689667551e-01 -5.909338809860632535e-01 5.969167121003704501e-01 7.040797715048260352e-01 -7.211590091268202940e-01 4.777879904673003608e-01
-7.569271448405491265e-01 -5.918778416702995537e-01 8.745826055233317797e-01 -5.918778416702995537e-01 6.009271571311171067e-01 6.994709552833644484e-01 -7.185826178138997600e-01 4.842847280572346591e-01
-7.602718783385811196e-01 -5.928218023545358539e-01 8.713405026776966933e-01 -5.928218023545358539e-01 6.049376021618636523e-01 6.948621390619028615e-01 -7.160062265009792259e-01 4.907814656471688464e-01
-7.636166118366132238e-01 -5.937657630387721541e-01 8.680983998320616069e-01 -5.937657630387721541e-01 6.089480471926103089e-01 6.902533228404412746e-01 -7.134298351880585809e-01 4.972782032371030336e-01
-7.669613453346453280e-01 -5.947097237230084543e-01 8.648562969864265204e-01 -5.947097237230085653e-01 6.129584922233568545e-01 6.856445066189797988e-01 -7.108534438751379358e-01 5.037749408270372209e-01
-7.703060788326774322e-01 -5.956536844072448655e-01 8.616141941407914340e-01 -5.956536844072448655e-01 6.169689372541034000e-01 6.810356903975181009e-01 -7.082770525622174018e-01 5.102716784169715192e-01
-7.736508123307095364e-01 -5.965976450914811657e-01 8.583720912951563475e-01 -5.965976450914811657e-01 6.209793822848499456e-01 6.764268741760566250e-01 -7.057006612492968678e-01 5.167684160069057064e-01
-7.769955458287415295e-01 -5.975416057757174659e-01 8.551299884495212611e-01 -5.975416057757174659e-01 6.249898273155966022e-01 6.718180579545950382e-01 -7.031242699363762227e-01 5.232651535968398937e-01
-7.803402793267736337e-01 -5.984855664599537661e-01 8.518878856038861747e-01 -5.984855664599537661e-01 6.290002723463431478e-01 6.672092417331334513e-01 -7.005478786234556887e-01 5.297618911867740810e-01
-7.836850128248057379e-01 -5.994295271441900663e-01 8.486457827582510882e-01 -5.994295271441901773e-01 6.330107173770896933e-01 6.626004255116718644e-01 -6.979714873105351547e-01 5.362586287767083792e-01
-7.870297463228377310e-01 -6.003734878284263665e-01 8.454036799126160018e-01 -6.003734878284264775e-01 6.370211624078363499e-01 6.579916092902102775e-01 -6.953950959976145096e-01 5.427553663666425665e-01
-7.903744798208698352e-01 -6.013174485126627777e-01 8.421615770669809153e-01 -6.013174485126627777e-01 6.410316074385828955e-01 6.533827930687488017e-01 -6.928187046846939756e-01 5.492521039565767538e-01
-7.937192133189019394e-01 -6.022614091968990779e-01 8.389194742213458289e-01 -6.022614091968990779e-01 6.450420524693294411e-01 6.487739768472871038e-01 -6.902423133717734416e-01 5.557488415465109410e-01
-7.970639468169340436e-01 -6.032053698811353781e-01 8.356773713757107425e-01 -6.032053698811353781e-01 6.490524975000759866e-01 6.441651606258256280e-01 -6.876659220588527965e-01 5.622455791364452393e-01
-8.004086803149661478e-01 -6.041493305653716783e-01 8.324352685300756560e-01 -6.041493305653717893e-01 6.530629425308226432e-01 6.395563444043640411e-01 -6.850895307459322625e-01 5.687423167263794266e-01
-8.037534138129981409e-01 -6.050932912496079785e-01 8.291931656844405696e-01 -6.050932912496080895e-01 6.570733875615692998e-01 6.349475281829024542e-01 -6.825131394330117285e-01 5.752390543163136138e-01
-8.070981473110302451e-01 -6.060372519338443897e-01 8.259510628388054831e-01 -6.060372519338443897e-01 6.610838325923158454e-01 6.303387119614408673e-01 -6.799367481200910834e-01 5.817357919062478011e-01
-8.104428808090623493e-01 -6.069812126180806899e-01 8.227089599931703967e-01 -6.069812126180806899e-01 6.650942776230623910e-01 6.257298957399792805e-01 -6.773603568071705494e-01 5.882325294961820994e-01
-8.137876143070943424e-01 -6.079251733023169901e-01 8.194668571475353103e-01 -6.079251733023169901e-01 6.691047226538089365e-01 6.211210795185178046e-01 -6.747839654942500154e-01 5.947292670861162867e-01
-8.171323478051264466e-01 -6.088691339865532903e-01 8.162247543019002238e-01 -6.088691339865532903e-01 6.731151676845554821e-01 6.165122632970561067e-01 -6.722075741813293703e-01 6.012260046760504739e-01
-8.204770813031585508e-01 -6.098130946707895905e-01 8.129826514562651374e-01 -6.098130946707897015e-01 6.771256127153021387e-01 6.119034470755946309e-01 -6.696311828684087253e-01 6.077227422659846612e-01
-8.238218148011906550e-01 -6.107570553550258907e-01 8.097405486106300510e-01 -6.107570553550260017e-01 6.811360577460486843e-01 6.072946308541330440e-01 -6.670547915554881913e-01 6.142194798559189595e-01
-8.271665482992227592e-01 -6.117010160392623019e-01 8.064984457649949645e-01 -6.117010160392623019e-01 6.851465027767953408e-01 6.026858146326714571e-01 -6.644784002425676572e-01 6.207162174458531467e-01
-8.305112817972547523e-01 -6.126449767234986021e-01 8.032563429193598781e-01 -6.126449767234986021e-01 6.891569478075418864e-01 5.980769984112099813e-01 -6.619020089296470122e-01 6.272129550357873340e-01
-8.338560152952868565e-01 -6.135889374077349023e-01 8.000142400737247916e-01 -6.135889374077350134e-01 6.931673928382884320e-01 5.934681821897482834e-01 -6.593256176167264782e-01 6.337096926257215213e-01
-8.372007487933188496e-01 -6.145328980919712025e-01 7.967721372280897052e-01 -6.145328980919713135e-01 6.971778378690349776e-01 5.888593659682868076e-01 -6.567492263038059441e-01 6.402064302156558195e-01
-8.405454822913509538e-01 -6.154768587762075027e-01 7.935300343824546188e-01 -6.154768587762076137e-01 7.011882828997816341e-01 5.842505497468251097e-01 -6.541728349908852991e-01 6.467031678055900068e-01
-8.438902157893830580e-01 -6.164208194604439139e-01 7.902879315368195323e-01 -6.164208194604439139e-01 7.051987279305281797e-01 5.796417335253636338e-01 -6.515964436779647651e-01 6.531999053955241941e-01
-8.472349492874151622e-01 -6.173647801446802141e-01 7.870458286911844459e-01 -6.173647801446802141e-01 7.092091729612748363e-01 5.750329173039020469e-01 -6.490200523650442310e-01 6.596966429854583813e-01
-8.505796827854472664e-01 -6.183087408289165143e-01 7.838037258455493594e-01 -6.183087408289166254e-01 7.132196179920213819e-01 5.704241010824404601e-01 -6.464436610521235860e-01 6.661933805753925686e-01
-8.539244162834793705e-01 -6.192527015131528145e-01 7.805616229999142730e-01 -6.192527015131529255e-01 7.172300630227679274e-01 5.658152848609789842e-01 -6.438672697392030519e-01 6.726901181653268669e-01
-8.572691497815113637e-01 -6.201966621973891147e-01 7.773195201542791866e-01 -6.201966621973892257e-01 7.212405080535144730e-01 5.612064686395172863e-01 -6.412908784262825179e-01 6.791868557552610541e-01
-8.606138832795434679e-01 -6.211406228816254149e-01 7.740774173086441001e-01 -6.211406228816255259e-01 7.252509530842610186e-01 5.565976524180558105e-01 -6.387144871133618729e-01 6.856835933451952414e-01
-8.639586167775754610e-01 -6.220845835658618261e-01 7.708353144630090137e-01 -6.220845835658618261e-01 7.292613981150076752e-01 5.519888361965942236e-01 -6.361380958004413388e-01 6.921803309351295397e-01
-8.673033502756075652e-01 -6.230285442500981263e-01 7.675932116173739272e-01 -6.230285442500982374e-01 7.332718431457543318e-01 5.473800199751326367e-01 -6.335617044875208048e-01 6.986770685250637269e-01
-8.706480837736396694e-01 -6.239725049343344265e-01 7.643511087717388408e-01 -6.239725049343345376e-01 7.372822881765008773e-01 5.427712037536710499e-01 -6.309853131746001598e-01 7.051738061149979142e-01
-8.739928172716717736e-01 -6.249164656185707267e-01 7.611090059261037544e-01 -6.249164656185708377e-01 7.412927332072474229e-01 5.381623875322094630e-01 -6.284089218616795147e-01 7.116705437049321015e-01
-8.773375507697038778e-01 -6.258604263028070269e-01 7.578669030804686679e-01 -6.258604263028071379e-01 7.453031782379939685e-01 5.335535713107479872e-01 -6.258325305487589807e-01 7.181672812948662887e-01
-8.806822842677358709e-01 -6.268043869870434381e-01 7.546248002348335815e-01 -6.268043869870434381e-01 7.493136232687405140e-01 5.289447550892862893e-01 -6.232561392358384467e-01 7.246640188848005870e-01
-8.840270177657679751e-01 -6.277483476712797383e-01 7.513826973891984951e-01 -6.277483476712798494e-01 7.533240682994871706e-01 5.243359388678248134e-01 -6.206797479229178016e-01 7.311607564747347743e-01
-8.873717512637999683e-01 -6.286923083555160385e-01 7.481405945435634086e-01 -6.286923083555161496e-01 7.573345133302338272e-01 5.197271226463632265e-01 -6.181033566099972676e-01 7.376574940646689615e-01
-8.907164847618320724e-01 -6.296362690397523387e-01 7.448984916979283222e-01 -6.296362690397524497e-01 7.613449583609803728e-01 5.151183064249016397e-01 -6.155269652970767336e-01 7.441542316546032598e-01
-8.940612182598641766e-01 -6.305802297239886389e-01 7.416563888522932357e-01 -6.305802297239887499e-01 7.653554033917269184e-01 5.105094902034400528e-01 -6.129505739841560885e-01 7.506509692445374471e-01
-8.974059517578962808e-01 -6.315241904082249391e-01 7.384142860066581493e-01 -6.315241904082250501e-01 7.693658484224734639e-01 5.059006739819784659e-01 -6.103741826712355545e-01 7.571477068344716344e-01
-9.007506852559283850e-01 -6.324681510924613503e-01 7.351721831610230629e-01 -6.324681510924614614e-01 7.733762934532200095e-01 5.012918577605169901e-01 -6.077977913583150205e-01 7.636444444244058216e-01
-9.040954187539604892e-01 -6.334121117766976505e-01 7.319300803153879764e-01 -6.334121117766977616e-01 7.773867384839666661e-01 4.966830415390553477e-01 -6.052214000453943754e-01 7.701411820143400089e-01
-9.074401522519924823e-01 -6.343560724609339507e-01 7.286879774697528900e-01 -6.343560724609340618e-01 7.813971835147132117e-01 4.920742253175937608e-01 -6.026450087324738414e-01 7.766379196042743072e-01
