-9.693762467212508893e-01 -6.271007270712455339e-01 6.875815753507187322e-01 -6.271007270712455339e-01 6.952280518869109471e-01 4.652884006805766970e-01 -4.134333805163789011e-01 7.889130534619144264e-01
-9.624944584468888564e-01 -6.279068765589886914e-01 6.921489533639447744e-01 -6.279068765589886914e-01 7.048023998455555938e-01 4.682646034180230621e-01 -4.344568947626116784e-01 7.875491496999543761e-01
-9.556126701725268235e-01 -6.287130260467318488e-01 6.967163313771708166e-01 -6.287130260467318488e-01 7.143767478042003516e-01 4.712408061554693717e-01 -4.554804090088444557e-01 7.861852459379944369e-01
-9.487308818981647907e-01 -6.295191755344750062e-01 7.012837093903967478e-01 -6.295191755344750062e-01 7.239510957628449983e-01 4.742170088929157368e-01 -4.765039232550771775e-01 7.848213421760343866e-01
-9.418490936238027578e-01 -6.303253250222181636e-01 7.058510874036227900e-01 -6.303253250222181636e-01 7.335254437214897560e-01 4.771932116303620464e-01 -4.975274375013100103e-01 7.834574384140743364e-01
-9.349673053494406139e-01 -6.311314745099613210e-01 7.104184654168488322e-01 -6.311314745099614321e-01 7.430997916801344028e-01 4.801694143678084115e-01 -5.185509517475427321e-01 7.820935346521143972e-01
-9.280855170750785810e-01 -6.319376239977044785e-01 7.149858434300748744e-01 -6.319376239977045895e-01 7.526741396387791605e-01 4.831456171052547210e-01 -5.395744659937755650e-01 7.807296308901543469e-01
-9.212037288007165481e-01 -6.327437734854476359e-01 7.195532214433009166e-01 -6.327437734854477469e-01 7.622484875974238072e-01 4.861218198427010861e-01 -5.605979802400082868e-01 7.793657271281942966e-01
-9.143219405263545152e-01 -6.335499229731907933e-01 7.241205994565268478e-01 -6.335499229731909043e-01 7.718228355560685650e-01 4.890980225801473957e-01 -5.816214944862410086e-01 7.780018233662343574e-01
-9.074401522519924823e-01 -6.343560724609339507e-01 7.286879774697528900e-01 -6.343560724609340618e-01 7.813971835147132117e-01 4.920742253175937608e-01 -6.026450087324738414e-01 7.766379196042743072e-01
